,predictions,target
0,2.0,2
1,2.0,2
2,0.0,0
3,0.0,0
4,0.0,0
5,0.0,0
6,0.0,0
7,1.0,1
8,0.0,0
9,0.0,0
10,2.0,2
11,2.0,2
12,1.0,2
13,2.0,0
14,2.0,2
15,2.0,0
16,1.0,1
17,0.0,1
18,1.0,1
19,1.0,1
20,1.0,1
21,1.0,1
22,1.0,1
23,1.0,1
24,0.0,2
25,2.0,0
26,2.0,2
27,1.0,1
28,0.0,0
29,0.0,0
30,1.0,1
31,2.0,0
32,2.0,2
33,2.0,2
34,1.0,1
35,2.0,2
36,2.0,2
37,1.0,1
38,0.0,0
39,2.0,2
40,2.0,2
41,0.0,0
42,1.0,1
43,0.0,0
44,1.0,1
45,2.0,2
46,1.0,1
47,1.0,1
48,1.0,1
49,0.0,2
50,1.0,1
51,2.0,0
52,2.0,2
53,1.0,1
54,1.0,1
55,0.0,0
56,0.0,0
57,0.0,2
58,2.0,2
59,0.0,0
60,1.0,1
61,0.0,2
62,0.0,0
63,0.0,0
64,1.0,1
65,1.0,1
66,0.0,0
67,0.0,0
68,0.0,0
69,0.0,0
70,0.0,2
71,1.0,1
72,0.0,0
73,2.0,2
74,1.0,1
75,1.0,1
76,1.0,2
77,1.0,1
78,1.0,1
79,1.0,1
80,0.0,0
81,1.0,1
82,1.0,0
83,0.0,0
84,2.0,2
85,2.0,0
86,0.0,2
87,1.0,1
88,2.0,2
89,1.0,1
90,1.0,1
91,1.0,1
92,0.0,2
93,0.0,0
94,2.0,2
95,0.0,0
96,2.0,2
97,1.0,1
98,1.0,1
99,0.0,0
100,1.0,1
101,1.0,1
102,2.0,2
103,1.0,1
104,2.0,0
105,1.0,1
106,2.0,2
107,1.0,1
108,2.0,2
109,0.0,0
110,1.0,1
111,2.0,2
112,0.0,0
113,0.0,2
114,0.0,0
115,2.0,2
116,1.0,1
117,1.0,1
118,1.0,1
119,2.0,1
120,0.0,1
121,2.0,2
122,0.0,0
123,2.0,2
124,2.0,0
125,0.0,0
126,2.0,2
127,2.0,2
128,1.0,0
129,2.0,0
130,1.0,1
131,1.0,1
132,1.0,1
133,2.0,1
134,1.0,1
135,0.0,0
136,0.0,0
137,1.0,1
138,2.0,2
139,1.0,1
140,1.0,1
141,0.0,0
142,1.0,1
143,2.0,2
144,0.0,0
145,0.0,0
146,0.0,0
147,1.0,1
148,1.0,1
149,0.0,2
150,1.0,1
151,2.0,2
152,0.0,0
153,2.0,2
154,1.0,1
155,1.0,1
156,0.0,0
157,1.0,1
158,2.0,2
159,0.0,2
160,1.0,1
161,1.0,1
162,0.0,0
163,0.0,0
164,0.0,0
165,1.0,0
166,1.0,1
167,1.0,1
168,1.0,1
169,0.0,2
170,1.0,1
171,1.0,1
172,2.0,2
173,1.0,1
174,0.0,0
175,0.0,0
176,1.0,1
177,0.0,0
178,1.0,1
179,1.0,1
180,2.0,0
181,0.0,0
182,1.0,1
183,0.0,0
184,2.0,2
185,2.0,2
186,1.0,1
187,1.0,1
188,0.0,1
189,2.0,2
190,0.0,0
191,1.0,1
192,1.0,1
193,2.0,2
194,2.0,2
195,0.0,0
196,0.0,0
197,2.0,0
198,0.0,1
199,0.0,0
200,2.0,2
201,2.0,1
202,0.0,0
203,0.0,2
204,1.0,1
205,1.0,0
206,0.0,0
207,0.0,0
208,0.0,0
209,0.0,0
210,0.0,0
211,1.0,1
212,1.0,1
213,1.0,1
214,2.0,2
215,2.0,2
216,2.0,2
217,0.0,0
218,0.0,0
219,0.0,0
220,0.0,0
221,2.0,2
222,1.0,1
223,1.0,2
224,2.0,2
225,2.0,2
226,1.0,1
227,0.0,2
228,0.0,2
229,2.0,2
230,2.0,0
231,0.0,2
232,0.0,2
233,2.0,2
234,0.0,2
235,2.0,2
236,1.0,1
237,0.0,0
238,2.0,2
239,0.0,2
240,0.0,2
241,1.0,1
242,2.0,2
243,1.0,2
244,1.0,2
245,0.0,2
246,2.0,2
247,1.0,1
248,1.0,1
249,0.0,0
250,2.0,2
251,0.0,0
252,2.0,2
253,1.0,1
254,1.0,0
255,1.0,1
256,2.0,2
257,2.0,2
258,1.0,1
259,2.0,2
260,1.0,1
261,1.0,1
262,0.0,0
263,2.0,0
264,1.0,1
265,2.0,2
266,1.0,0
267,2.0,2
268,0.0,0
269,1.0,1
270,2.0,2
271,2.0,2
272,1.0,1
273,2.0,0
274,2.0,2
275,2.0,2
276,2.0,2
277,0.0,0
278,1.0,1
279,0.0,1
280,2.0,2
281,0.0,0
282,0.0,0
283,0.0,0
284,0.0,0
285,1.0,1
286,2.0,2
287,1.0,1
288,1.0,1
289,0.0,0
290,0.0,0
291,2.0,2
292,2.0,0
293,2.0,2
294,1.0,1
295,0.0,2
296,1.0,1
297,0.0,0
298,2.0,2
299,1.0,1
300,2.0,2
301,1.0,1
302,1.0,1
303,0.0,2
304,1.0,1
305,2.0,2
306,0.0,0
307,0.0,0
308,2.0,2
309,1.0,1
310,1.0,2
311,1.0,1
312,1.0,1
313,2.0,2
314,1.0,0
315,2.0,2
316,1.0,1
317,2.0,2
318,1.0,1
319,1.0,1
320,1.0,1
321,2.0,2
322,0.0,0
323,1.0,1
324,0.0,0
325,2.0,2
326,2.0,2
327,1.0,1
328,1.0,0
329,0.0,0
330,1.0,1
331,2.0,2
332,2.0,0
333,0.0,0
334,2.0,2
335,0.0,0
336,1.0,2
337,1.0,1
338,2.0,2
339,2.0,2
340,2.0,2
341,2.0,2
342,1.0,1
343,1.0,1
344,1.0,1
345,1.0,1
346,2.0,0
347,0.0,0
348,2.0,2
349,1.0,1
350,1.0,1
351,2.0,2
352,2.0,2
353,1.0,1
354,2.0,2
355,2.0,2
356,2.0,2
357,2.0,2
358,1.0,1
359,1.0,1
360,1.0,1
361,1.0,1
362,1.0,0
363,1.0,0
364,0.0,0
365,2.0,0
366,2.0,2
367,2.0,2
368,1.0,1
369,2.0,2
370,2.0,2
371,0.0,0
372,2.0,2
373,0.0,2
374,0.0,1
375,1.0,1
376,0.0,0
377,0.0,0
378,2.0,2
379,1.0,1
380,2.0,0
381,2.0,2
382,1.0,0
383,1.0,1
384,1.0,1
385,2.0,2
386,0.0,0
387,0.0,2
388,2.0,2
389,0.0,2
390,1.0,1
391,2.0,2
392,2.0,2
393,2.0,2
394,0.0,0
395,1.0,1
396,2.0,2
397,1.0,1
398,1.0,1
399,0.0,0
400,0.0,0
401,0.0,0
402,1.0,1
403,2.0,2
404,1.0,1
405,1.0,1
406,1.0,1
407,2.0,2
408,0.0,0
409,2.0,2
410,1.0,1
411,1.0,1
412,2.0,2
413,2.0,0
414,1.0,1
415,0.0,0
416,1.0,1
417,1.0,1
418,1.0,1
419,0.0,0
420,1.0,1
421,2.0,2
422,2.0,1
423,0.0,0
424,0.0,0
425,1.0,1
426,1.0,1
427,2.0,2
428,0.0,0
429,0.0,2
430,0.0,0
431,2.0,2
432,2.0,0
433,1.0,0
434,0.0,0
435,0.0,0
436,2.0,2
437,2.0,2
438,2.0,2
439,2.0,2
440,2.0,2
441,2.0,0
442,2.0,2
443,1.0,1
444,2.0,0
445,0.0,0
446,2.0,2
447,2.0,2
448,0.0,0
449,2.0,2
450,0.0,0
451,2.0,2
452,1.0,1
453,2.0,0
454,2.0,0
455,0.0,0
456,0.0,0
457,2.0,2
458,1.0,1
459,2.0,0
460,2.0,2
461,2.0,2
462,1.0,1
463,2.0,2
464,2.0,0
465,0.0,0
466,1.0,1
467,2.0,2
468,0.0,0
469,1.0,1
470,0.0,0
471,1.0,1
472,0.0,1
473,2.0,2
474,1.0,1
475,2.0,2
476,1.0,1
477,2.0,2
478,2.0,2
479,1.0,1
480,0.0,0
481,1.0,1
482,0.0,0
483,0.0,1
484,0.0,0
485,1.0,0
486,1.0,1
487,2.0,2
488,2.0,0
489,2.0,2
490,0.0,0
491,1.0,1
492,1.0,1
493,0.0,0
494,2.0,0
495,2.0,2
496,0.0,2
497,0.0,0
498,0.0,0
499,0.0,0
500,0.0,0
501,1.0,1
502,2.0,2
503,0.0,0
504,2.0,2
505,1.0,1
506,0.0,0
507,1.0,0
508,1.0,1
509,1.0,1
510,1.0,1
511,2.0,2
512,0.0,0
513,1.0,1
514,1.0,1
515,1.0,1
516,2.0,2
517,0.0,0
518,1.0,1
519,2.0,2
520,2.0,2
521,0.0,0
522,1.0,1
523,2.0,0
524,0.0,0
525,1.0,1
526,2.0,2
527,2.0,2
528,1.0,1
529,0.0,0
530,1.0,1
531,0.0,0
532,1.0,1
533,2.0,2
534,0.0,0
535,2.0,0
536,2.0,2
537,2.0,2
538,2.0,2
539,2.0,2
540,2.0,2
541,0.0,0
542,1.0,1
543,2.0,2
544,1.0,1
545,0.0,0
546,2.0,2
547,2.0,2
548,2.0,0
549,2.0,2
550,0.0,0
551,1.0,1
552,0.0,0
553,2.0,2
554,1.0,1
555,1.0,1
556,0.0,0
557,1.0,1
558,0.0,0
559,2.0,2
560,0.0,0
561,2.0,2
562,1.0,1
563,2.0,2
564,0.0,0
565,2.0,2
566,2.0,2
567,2.0,2
568,2.0,2
569,0.0,0
570,1.0,1
571,2.0,2
572,2.0,2
573,1.0,1
574,2.0,2
575,1.0,1
576,0.0,0
577,2.0,2
578,1.0,1
579,2.0,0
580,2.0,2
581,0.0,0
582,2.0,2
583,1.0,1
584,2.0,2
585,1.0,1
586,2.0,0
587,0.0,0
588,2.0,2
589,2.0,0
590,0.0,0
591,0.0,2
592,1.0,0
593,0.0,0
594,2.0,2
595,0.0,0
596,2.0,2
597,0.0,0
598,0.0,0
599,2.0,2
600,0.0,0
601,1.0,1
602,1.0,1
603,0.0,0
604,1.0,1
605,2.0,2
606,1.0,0
607,0.0,0
608,1.0,0
609,2.0,0
610,1.0,1
611,2.0,2
612,0.0,2
613,0.0,2
614,1.0,1
615,2.0,2
616,2.0,2
617,2.0,2
618,0.0,0
619,1.0,1
620,2.0,1
621,1.0,1
622,0.0,0
623,0.0,0
624,1.0,1
625,0.0,0
626,0.0,0
627,2.0,2
628,2.0,2
629,0.0,0
630,1.0,1
631,0.0,0
632,0.0,0
633,1.0,1
634,0.0,0
635,0.0,0
636,1.0,1
637,2.0,2
638,2.0,2
639,2.0,2
640,1.0,1
641,0.0,0
642,0.0,0
643,1.0,1
644,1.0,1
645,2.0,2
646,2.0,0
647,0.0,1
648,1.0,1
649,2.0,2
650,1.0,1
651,2.0,2
652,2.0,0
653,2.0,2
654,1.0,1
655,2.0,2
656,1.0,1
657,0.0,0
658,0.0,0
659,1.0,1
660,0.0,2
661,1.0,1
662,2.0,2
663,1.0,1
664,1.0,1
665,1.0,1
666,2.0,0
667,2.0,0
668,1.0,1
669,1.0,1
670,0.0,0
671,1.0,1
672,2.0,2
673,1.0,1
674,1.0,1
675,1.0,1
676,1.0,1
677,0.0,0
678,0.0,0
679,1.0,1
680,2.0,2
681,1.0,1
682,0.0,0
683,1.0,1
684,2.0,2
685,0.0,2
686,1.0,1
687,1.0,0
688,0.0,0
689,0.0,1
690,0.0,0
691,1.0,1
692,2.0,2
693,0.0,0
694,2.0,2
695,0.0,0
696,2.0,2
697,2.0,2
698,1.0,1
699,0.0,0
700,2.0,0
701,1.0,1
702,0.0,0
703,2.0,2
704,0.0,2
705,1.0,1
706,0.0,0
707,2.0,2
708,1.0,1
709,0.0,0
710,2.0,2
711,1.0,1
712,0.0,1
713,0.0,1
714,1.0,1
715,0.0,0
716,0.0,0
717,0.0,0
718,0.0,0
719,1.0,1
720,1.0,0
721,1.0,1
722,1.0,1
723,2.0,0
724,0.0,0
725,1.0,1
726,0.0,0
727,1.0,1
728,1.0,1
729,2.0,2
730,1.0,1
731,1.0,1
732,2.0,2
733,0.0,0
734,2.0,2
735,1.0,1
736,1.0,1
737,0.0,0
738,1.0,1
739,1.0,1
740,0.0,0
741,0.0,0
742,0.0,2
743,0.0,0
744,1.0,0
745,0.0,1
746,1.0,1
747,0.0,0
748,1.0,1
749,2.0,2
750,2.0,0
751,0.0,0
752,2.0,2
753,1.0,2
754,1.0,1
755,1.0,1
756,1.0,0
757,2.0,0
758,0.0,1
759,1.0,1
760,2.0,2
761,1.0,1
762,2.0,2
763,0.0,0
764,2.0,2
765,2.0,2
766,2.0,0
767,2.0,0
768,0.0,0
769,0.0,0
770,2.0,0
771,0.0,0
772,1.0,1
773,2.0,0
774,1.0,1
775,2.0,0
776,0.0,0
777,0.0,1
778,1.0,2
779,2.0,2
780,1.0,1
781,2.0,2
782,0.0,0
783,0.0,0
784,0.0,0
785,2.0,2
786,1.0,0
787,1.0,0
788,2.0,2
789,0.0,0
790,2.0,0
791,0.0,0
792,0.0,2
793,1.0,1
794,0.0,2
795,2.0,2
796,0.0,0
797,0.0,0
798,0.0,0
799,2.0,2
800,1.0,1
801,0.0,0
802,1.0,1
803,0.0,0
804,0.0,0
805,2.0,2
806,2.0,2
807,1.0,1
808,2.0,2
809,0.0,0
810,0.0,0
811,2.0,2
812,2.0,2
813,0.0,0
814,0.0,0
815,2.0,0
816,0.0,0
817,1.0,1
818,0.0,0
819,1.0,1
820,0.0,0
821,1.0,1
822,1.0,1
823,0.0,0
824,0.0,0
825,0.0,2
826,0.0,0
827,1.0,1
828,0.0,2
829,0.0,0
830,2.0,2
831,1.0,0
832,0.0,0
833,0.0,0
834,0.0,0
835,0.0,1
836,0.0,0
837,0.0,0
838,2.0,0
839,0.0,0
840,2.0,2
841,0.0,0
842,1.0,1
843,0.0,0
844,1.0,1
845,2.0,2
846,2.0,2
847,0.0,2
848,2.0,2
849,0.0,0
850,0.0,0
851,0.0,2
852,0.0,0
853,0.0,0
854,2.0,2
855,2.0,2
856,0.0,0
857,2.0,2
858,0.0,0
859,1.0,1
860,2.0,2
861,0.0,0
862,0.0,0
863,0.0,0
864,0.0,2
865,1.0,1
866,2.0,2
867,2.0,2
868,2.0,0
869,0.0,2
870,0.0,0
871,2.0,2
872,1.0,1
873,2.0,2
874,0.0,1
875,0.0,0
876,2.0,2
877,2.0,2
878,1.0,1
879,1.0,1
880,0.0,0
881,1.0,1
882,0.0,0
883,2.0,2
884,2.0,2
885,0.0,2
886,0.0,0
887,1.0,0
888,0.0,0
889,2.0,2
890,2.0,2
891,0.0,0
892,1.0,1
893,0.0,0
894,0.0,0
895,2.0,0
896,2.0,0
897,0.0,0
898,0.0,0
899,1.0,1
900,1.0,1
901,0.0,0
902,2.0,2
903,0.0,0
904,0.0,0
905,0.0,0
906,1.0,1
907,2.0,2
908,2.0,2
909,0.0,0
910,2.0,2
911,1.0,1
912,0.0,1
913,0.0,0
914,2.0,2
915,0.0,2
916,1.0,1
917,0.0,0
918,0.0,0
919,0.0,0
920,0.0,0
921,1.0,0
922,2.0,0
923,2.0,2
924,0.0,0
925,0.0,0
926,0.0,2
927,2.0,2
928,0.0,0
929,0.0,0
930,0.0,0
931,2.0,2
932,1.0,1
933,0.0,0
934,1.0,1
935,0.0,0
936,0.0,2
937,0.0,2
938,0.0,0
939,0.0,0
940,2.0,2
941,2.0,0
942,0.0,0
943,0.0,0
944,0.0,1
945,2.0,2
946,0.0,0
947,2.0,2
948,0.0,0
949,2.0,2
950,2.0,0
951,1.0,1
952,0.0,1
953,1.0,1
954,0.0,0
955,1.0,1
956,0.0,0
957,0.0,0
958,0.0,1
959,0.0,0
960,0.0,0
961,0.0,0
962,0.0,0
963,1.0,1
964,0.0,0
965,1.0,1
966,0.0,0
967,1.0,1
968,0.0,0
969,2.0,2
970,0.0,0
971,2.0,2
972,2.0,0
973,0.0,0
974,1.0,1
975,1.0,1
976,1.0,1
977,0.0,0
978,0.0,0
979,2.0,2
980,0.0,0
981,0.0,2
982,0.0,0
983,2.0,2
984,0.0,0
985,0.0,0
986,1.0,1
987,1.0,1
988,1.0,1
989,0.0,1
990,0.0,0
991,0.0,0
992,0.0,0
993,0.0,0
994,0.0,0
995,2.0,0
996,1.0,1
997,0.0,0
998,0.0,0
999,0.0,0
1000,2.0,2
1001,2.0,2
1002,2.0,2
1003,0.0,0
1004,0.0,0
1005,0.0,0
1006,0.0,0
1007,2.0,2
1008,0.0,0
1009,1.0,1
1010,2.0,2
1011,0.0,0
1012,1.0,1
1013,2.0,2
1014,0.0,2
1015,0.0,0
1016,1.0,0
1017,2.0,2
1018,0.0,0
1019,1.0,1
1020,1.0,1
1021,0.0,0
1022,2.0,2
1023,0.0,0
1024,0.0,0
1025,1.0,1
1026,2.0,0
1027,0.0,0
1028,0.0,1
1029,0.0,1
1030,0.0,0
1031,2.0,2
1032,0.0,0
1033,2.0,2
1034,0.0,0
1035,1.0,1
1036,1.0,1
1037,0.0,0
1038,0.0,0
1039,0.0,0
1040,2.0,0
1041,0.0,0
1042,1.0,0
1043,0.0,0
1044,0.0,0
1045,0.0,0
1046,1.0,1
1047,1.0,1
1048,1.0,1
1049,2.0,2
1050,0.0,1
1051,0.0,0
1052,0.0,1
1053,2.0,2
1054,0.0,0
1055,2.0,2
1056,0.0,0
1057,0.0,0
1058,2.0,2
1059,2.0,2
1060,1.0,1
1061,0.0,0
1062,1.0,1
1063,2.0,2
1064,0.0,0
1065,0.0,0
1066,0.0,0
1067,0.0,0
1068,0.0,0
1069,0.0,0
1070,1.0,1
1071,0.0,0
1072,0.0,0
1073,1.0,1
1074,0.0,0
1075,0.0,0
1076,2.0,2
1077,1.0,1
1078,1.0,1
1079,0.0,0
1080,0.0,0
1081,1.0,1
1082,0.0,0
1083,0.0,0
1084,2.0,2
1085,2.0,2
1086,2.0,2
1087,2.0,2
1088,0.0,0
1089,0.0,0
1090,2.0,0
1091,0.0,1
1092,0.0,0
1093,1.0,1
1094,0.0,0
1095,2.0,2
1096,0.0,0
1097,2.0,0
1098,1.0,1
1099,2.0,0
1100,0.0,0
1101,1.0,1
1102,0.0,0
1103,0.0,0
1104,0.0,0
1105,0.0,0
1106,0.0,0
1107,1.0,1
1108,0.0,0
1109,1.0,1
1110,0.0,0
1111,0.0,0
1112,1.0,1
1113,1.0,1
1114,0.0,0
1115,0.0,0
1116,2.0,2
1117,2.0,2
1118,0.0,0
1119,2.0,2
1120,0.0,0
1121,2.0,2
1122,1.0,1
1123,0.0,0
1124,0.0,0
1125,0.0,0
1126,2.0,2
1127,2.0,2
1128,0.0,2
1129,0.0,0
1130,0.0,0
1131,1.0,1
1132,0.0,0
1133,1.0,1
1134,0.0,0
1135,0.0,2
1136,0.0,0
1137,0.0,0
1138,0.0,0
1139,0.0,1
1140,0.0,2
1141,0.0,0
1142,2.0,2
1143,1.0,1
1144,0.0,0
1145,2.0,2
1146,0.0,0
1147,0.0,2
1148,0.0,0
1149,2.0,2
1150,0.0,0
1151,0.0,0
1152,1.0,1
1153,0.0,0
1154,0.0,0
1155,0.0,1
1156,0.0,0
1157,0.0,0
1158,0.0,0
1159,0.0,0
1160,2.0,2
1161,0.0,0
1162,1.0,1
1163,0.0,2
1164,0.0,0
1165,0.0,0
1166,1.0,1
1167,0.0,0
1168,2.0,2
1169,2.0,2
1170,0.0,0
1171,0.0,0
1172,0.0,0
1173,1.0,1
1174,0.0,0
1175,0.0,0
1176,2.0,2
1177,2.0,2
1178,0.0,0
1179,2.0,2
1180,0.0,0
1181,0.0,0
1182,0.0,0
1183,2.0,2
1184,0.0,0
1185,0.0,0
1186,2.0,2
1187,0.0,0
1188,0.0,0
1189,0.0,2
1190,2.0,2
1191,2.0,2
1192,0.0,2
1193,1.0,1
1194,0.0,0
1195,0.0,0
1196,0.0,0
1197,0.0,2
1198,0.0,0
1199,0.0,0
1200,0.0,0
1201,0.0,0
1202,0.0,0
1203,0.0,2
1204,0.0,0
1205,2.0,2
1206,0.0,0
1207,0.0,0
1208,0.0,0
1209,1.0,1
1210,0.0,2
1211,0.0,2
1212,0.0,0
1213,0.0,0
1214,0.0,0
1215,0.0,0
1216,0.0,0
1217,1.0,1
1218,0.0,0
1219,2.0,2
1220,2.0,2
1221,1.0,1
1222,0.0,1
1223,0.0,0
1224,2.0,2
1225,2.0,0
1226,2.0,2
1227,0.0,0
1228,1.0,1
1229,2.0,2
1230,0.0,0
1231,0.0,0
1232,0.0,0
1233,0.0,0
1234,0.0,2
1235,0.0,0
1236,2.0,2
1237,0.0,2
1238,1.0,1
1239,0.0,2
1240,1.0,1
1241,0.0,2
1242,0.0,2
1243,0.0,0
1244,0.0,0
1245,1.0,1
1246,0.0,0
1247,0.0,0
1248,1.0,1
1249,2.0,2
1250,0.0,0
1251,0.0,2
1252,0.0,0
1253,1.0,1
1254,0.0,0
1255,0.0,0
1256,1.0,1
1257,0.0,0
1258,2.0,2
1259,1.0,1
1260,1.0,1
1261,0.0,0
1262,0.0,0
1263,2.0,0
1264,2.0,2
1265,1.0,1
1266,0.0,0
1267,1.0,1
1268,0.0,0
1269,0.0,1
1270,1.0,1
1271,0.0,0
1272,1.0,1
1273,0.0,0
1274,2.0,2
1275,0.0,0
1276,0.0,0
1277,1.0,1
1278,2.0,0
1279,0.0,0
1280,0.0,0
1281,0.0,0
1282,0.0,0
1283,0.0,1
1284,0.0,2
1285,2.0,2
1286,2.0,0
1287,1.0,1
1288,0.0,0
1289,0.0,0
1290,0.0,0
1291,2.0,2
1292,1.0,1
1293,0.0,0
1294,2.0,0
1295,0.0,2
1296,0.0,0
1297,0.0,0
1298,0.0,0
1299,0.0,1
1300,2.0,2
1301,2.0,2
1302,0.0,0
1303,0.0,0
1304,0.0,0
1305,1.0,1
1306,0.0,0
1307,2.0,2
1308,1.0,1
1309,0.0,0
1310,2.0,2
1311,0.0,0
1312,1.0,1
1313,1.0,1
1314,1.0,1
1315,0.0,0
1316,0.0,2
1317,0.0,0
1318,2.0,2
1319,1.0,1
1320,0.0,0
1321,0.0,0
1322,0.0,2
1323,1.0,1
1324,1.0,1
1325,1.0,1
1326,0.0,0
1327,0.0,1
1328,1.0,1
1329,0.0,0
1330,2.0,2
1331,2.0,2
1332,0.0,0
1333,1.0,1
1334,0.0,0
1335,0.0,0
1336,1.0,1
1337,0.0,0
1338,0.0,2
1339,0.0,0
1340,0.0,1
1341,0.0,0
1342,0.0,2
1343,2.0,2
1344,0.0,0
1345,2.0,2
1346,0.0,0
1347,2.0,2
1348,1.0,1
1349,1.0,1
1350,0.0,2
1351,0.0,1
1352,1.0,1
1353,2.0,2
1354,1.0,0
1355,2.0,2
1356,0.0,0
1357,0.0,1
1358,0.0,0
1359,2.0,2
1360,0.0,0
1361,0.0,0
1362,2.0,0
1363,2.0,2
1364,2.0,2
1365,1.0,1
1366,2.0,2
1367,0.0,0
1368,0.0,2
1369,1.0,1
1370,0.0,0
1371,0.0,2
1372,0.0,0
1373,2.0,2
1374,0.0,0
1375,1.0,1
1376,1.0,1
1377,1.0,1
1378,2.0,2
1379,0.0,0
1380,1.0,1
1381,0.0,0
1382,0.0,0
1383,0.0,0
1384,2.0,0
1385,2.0,2
1386,0.0,0
1387,0.0,0
1388,2.0,2
1389,1.0,1
1390,2.0,0
1391,0.0,2
1392,2.0,2
1393,2.0,2
1394,0.0,0
1395,2.0,2
1396,0.0,0
1397,1.0,1
1398,0.0,0
1399,1.0,1
1400,2.0,2
1401,0.0,0
1402,0.0,0
1403,2.0,2
1404,2.0,2
1405,2.0,2
1406,1.0,1
1407,2.0,2
1408,0.0,0
1409,1.0,1
1410,0.0,0
1411,0.0,0
1412,0.0,0
1413,1.0,1
1414,2.0,2
1415,2.0,1
1416,1.0,1
1417,2.0,2
1418,0.0,0
1419,2.0,2
1420,2.0,2
1421,2.0,0
1422,0.0,0
1423,0.0,0
1424,2.0,2
1425,0.0,0
1426,2.0,2
1427,2.0,2
1428,2.0,2
1429,0.0,0
1430,2.0,0
1431,1.0,1
1432,1.0,1
1433,2.0,2
1434,1.0,1
1435,1.0,1
1436,0.0,0
1437,2.0,2
1438,2.0,2
1439,1.0,1
1440,0.0,0
1441,0.0,0
1442,0.0,0
1443,2.0,2
1444,0.0,0
1445,1.0,2
1446,1.0,1
1447,0.0,0
1448,0.0,0
1449,2.0,2
1450,2.0,2
1451,0.0,0
1452,0.0,0
1453,0.0,1
1454,1.0,1
1455,0.0,0
1456,1.0,1
1457,0.0,0
1458,2.0,2
1459,0.0,0
1460,0.0,0
1461,1.0,1
1462,1.0,1
1463,0.0,0
1464,1.0,1
1465,1.0,0
1466,0.0,0
1467,0.0,0
1468,2.0,2
1469,0.0,2
1470,0.0,0
1471,2.0,2
1472,0.0,2
1473,0.0,2
1474,0.0,0
1475,1.0,1
1476,1.0,1
1477,1.0,1
1478,1.0,1
1479,0.0,0
1480,0.0,0
1481,0.0,2
1482,2.0,2
1483,1.0,1
1484,1.0,1
1485,1.0,1
1486,2.0,2
1487,1.0,1
1488,2.0,2
1489,2.0,2
1490,2.0,2
1491,1.0,1
1492,1.0,1
1493,2.0,0
1494,2.0,2
1495,0.0,0
1496,2.0,2
1497,0.0,0
1498,0.0,0
1499,2.0,0
1500,2.0,2
1501,1.0,1
1502,0.0,0
1503,1.0,1
1504,0.0,0
1505,2.0,2
1506,1.0,1
1507,0.0,0
1508,0.0,0
1509,2.0,2
1510,1.0,1
1511,2.0,2
1512,1.0,1
1513,0.0,0
1514,0.0,0
1515,0.0,2
1516,0.0,0
1517,0.0,0
1518,0.0,0
1519,0.0,0
1520,1.0,1
1521,0.0,0
1522,0.0,0
1523,1.0,1
1524,0.0,0
1525,2.0,2
1526,1.0,1
1527,1.0,0
1528,0.0,0
1529,0.0,0
1530,0.0,0
1531,0.0,1
1532,1.0,1
1533,0.0,0
1534,0.0,0
1535,2.0,2
1536,1.0,1
1537,0.0,2
1538,1.0,1
1539,1.0,1
1540,0.0,2
1541,1.0,1
1542,1.0,1
1543,0.0,0
1544,2.0,2
1545,1.0,1
1546,0.0,0
1547,2.0,2
1548,0.0,0
1549,0.0,0
1550,1.0,1
1551,0.0,0
1552,1.0,1
1553,1.0,1
1554,0.0,0
1555,0.0,0
1556,1.0,1
1557,0.0,0
1558,1.0,1
1559,1.0,1
1560,2.0,2
1561,0.0,0
1562,0.0,2
1563,0.0,0
1564,0.0,0
1565,0.0,0
1566,0.0,0
1567,0.0,0
1568,2.0,2
1569,2.0,2
1570,1.0,1
1571,0.0,0
1572,2.0,2
1573,2.0,2
1574,0.0,0
1575,0.0,2
1576,1.0,1
1577,0.0,0
1578,0.0,0
1579,0.0,0
1580,2.0,2
1581,2.0,0
1582,1.0,1
1583,0.0,0
1584,0.0,2
1585,0.0,0
1586,1.0,1
1587,0.0,2
1588,1.0,1
1589,0.0,0
1590,0.0,0
1591,1.0,1
1592,2.0,2
1593,0.0,0
1594,1.0,1
1595,1.0,1
1596,1.0,1
1597,0.0,2
1598,1.0,1
1599,0.0,0
1600,0.0,0
1601,1.0,0
1602,1.0,0
1603,2.0,2
1604,0.0,0
1605,0.0,0
1606,0.0,0
1607,1.0,1
1608,1.0,1
1609,1.0,1
1610,1.0,1
1611,1.0,1
1612,0.0,0
1613,2.0,2
1614,2.0,2
1615,1.0,1
1616,1.0,1
1617,2.0,2
1618,2.0,2
1619,1.0,1
1620,2.0,2
1621,0.0,0
1622,1.0,1
1623,0.0,0
1624,0.0,0
1625,0.0,0
1626,0.0,0
1627,2.0,2
1628,0.0,0
1629,0.0,0
1630,1.0,1
1631,1.0,1
1632,0.0,0
1633,1.0,1
1634,1.0,1
1635,0.0,0
1636,0.0,0
1637,2.0,0
1638,1.0,1
1639,0.0,0
1640,0.0,2
1641,0.0,0
1642,0.0,0
1643,1.0,1
1644,0.0,0
1645,2.0,2
1646,1.0,1
1647,0.0,2
1648,2.0,2
1649,2.0,2
1650,2.0,2
1651,0.0,0
1652,0.0,0
1653,0.0,0
1654,2.0,2
1655,1.0,1
1656,0.0,0
1657,2.0,2
1658,0.0,0
1659,2.0,2
1660,0.0,0
1661,0.0,0
1662,2.0,2
1663,2.0,2
1664,0.0,2
1665,0.0,0
1666,2.0,2
1667,0.0,2
1668,0.0,0
1669,1.0,0
1670,1.0,1
1671,0.0,0
1672,0.0,0
1673,0.0,0
1674,2.0,2
1675,1.0,1
1676,1.0,1
1677,0.0,0
1678,0.0,0
1679,0.0,0
1680,1.0,0
1681,1.0,1
1682,1.0,1
1683,0.0,0
1684,0.0,0
1685,0.0,0
1686,1.0,0
1687,0.0,0
1688,1.0,1
1689,1.0,1
1690,2.0,0
1691,0.0,0
1692,2.0,0
1693,2.0,2
1694,0.0,0
1695,2.0,2
1696,2.0,2
1697,0.0,2
1698,0.0,1
1699,1.0,1
1700,0.0,0
1701,0.0,0
1702,2.0,0
1703,0.0,0
1704,0.0,0
1705,1.0,1
1706,0.0,2
1707,1.0,1
1708,1.0,1
1709,0.0,2
1710,0.0,1
1711,2.0,0
1712,0.0,0
1713,2.0,2
1714,0.0,0
1715,1.0,1
1716,0.0,0
1717,2.0,2
1718,0.0,2
1719,0.0,2
1720,0.0,0
1721,0.0,0
1722,2.0,2
1723,2.0,2
1724,1.0,1
1725,2.0,0
1726,0.0,0
1727,1.0,1
1728,2.0,0
1729,2.0,2
1730,0.0,0
1731,1.0,1
1732,2.0,2
1733,0.0,0
1734,0.0,0
1735,2.0,2
1736,0.0,0
1737,1.0,1
1738,0.0,0
1739,0.0,0
1740,0.0,1
1741,1.0,1
1742,0.0,2
1743,0.0,2
1744,0.0,0
1745,0.0,0
1746,0.0,0
1747,0.0,2
1748,0.0,0
1749,1.0,1
1750,1.0,1
1751,2.0,2
1752,0.0,0
1753,1.0,1
1754,2.0,0
1755,0.0,1
1756,1.0,1
1757,2.0,2
1758,1.0,1
1759,0.0,0
1760,1.0,1
1761,0.0,0
1762,1.0,1
1763,0.0,2
1764,0.0,0
1765,0.0,0
1766,0.0,0
1767,2.0,2
1768,1.0,1
1769,1.0,1
1770,0.0,2
1771,0.0,0
1772,1.0,1
1773,0.0,0
1774,0.0,0
1775,0.0,2
1776,2.0,2
1777,0.0,0
1778,1.0,1
1779,1.0,1
1780,2.0,2
1781,2.0,2
1782,0.0,0
1783,2.0,2
1784,0.0,1
1785,1.0,1
1786,2.0,2
1787,0.0,2
1788,2.0,2
1789,0.0,0
1790,2.0,2
1791,0.0,2
1792,1.0,1
1793,0.0,1
1794,1.0,1
1795,2.0,2
1796,0.0,1
1797,1.0,1
1798,0.0,0
1799,2.0,2
1800,1.0,1
1801,2.0,2
1802,2.0,2
1803,0.0,0
1804,2.0,2
1805,2.0,2
1806,0.0,0
1807,0.0,0
1808,2.0,2
1809,1.0,1
1810,0.0,1
1811,1.0,1
1812,2.0,2
1813,0.0,2
1814,2.0,2
1815,0.0,0
1816,0.0,0
1817,2.0,0
1818,0.0,0
1819,0.0,0
1820,2.0,2
1821,2.0,0
1822,0.0,0
1823,0.0,2
1824,2.0,2
1825,1.0,1
1826,2.0,2
1827,1.0,1
1828,0.0,0
1829,0.0,0
1830,0.0,0
1831,1.0,1
1832,1.0,1
1833,1.0,1
1834,0.0,2
1835,2.0,2
1836,1.0,1
1837,2.0,0
1838,1.0,1
1839,1.0,1
1840,2.0,0
1841,1.0,1
1842,2.0,2
1843,0.0,0
1844,1.0,1
1845,1.0,1
1846,0.0,0
1847,1.0,1
1848,0.0,0
1849,0.0,0
1850,1.0,1
1851,0.0,0
1852,2.0,2
1853,1.0,1
1854,1.0,1
1855,0.0,0
1856,2.0,0
1857,0.0,0
1858,2.0,2
1859,2.0,2
1860,0.0,2
1861,0.0,0
1862,1.0,1
1863,1.0,1
1864,0.0,0
1865,2.0,0
1866,0.0,2
1867,1.0,1
1868,0.0,0
1869,0.0,2
1870,2.0,2
1871,0.0,0
1872,0.0,0
1873,0.0,2
1874,0.0,0
1875,1.0,1
1876,1.0,1
1877,0.0,0
1878,0.0,0
1879,2.0,2
1880,2.0,2
1881,2.0,2
1882,1.0,1
1883,0.0,0
1884,1.0,1
1885,1.0,1
1886,0.0,2
1887,0.0,0
1888,2.0,2
1889,0.0,2
1890,0.0,0
1891,2.0,2
1892,1.0,1
1893,0.0,0
1894,1.0,1
1895,1.0,1
1896,2.0,2
1897,1.0,1
1898,0.0,0
1899,1.0,1
1900,1.0,1
1901,1.0,1
1902,1.0,1
1903,1.0,1
1904,2.0,2
1905,2.0,2
1906,1.0,1
1907,0.0,0
1908,2.0,2
1909,0.0,0
1910,1.0,1
1911,0.0,0
1912,1.0,1
1913,0.0,0
1914,1.0,1
1915,2.0,2
1916,0.0,0
1917,1.0,1
1918,2.0,0
1919,0.0,0
1920,1.0,1
1921,0.0,0
1922,1.0,1
1923,2.0,2
1924,0.0,0
1925,2.0,0
1926,2.0,2
1927,1.0,1
1928,2.0,2
1929,2.0,0
1930,0.0,0
1931,1.0,1
1932,2.0,2
1933,2.0,2
1934,0.0,0
1935,0.0,0
1936,1.0,1
1937,1.0,1
1938,0.0,2
1939,2.0,2
1940,1.0,1
1941,1.0,1
1942,2.0,2
1943,2.0,2
1944,1.0,1
1945,0.0,0
1946,1.0,1
1947,2.0,2
1948,0.0,0
1949,0.0,0
1950,0.0,2
1951,1.0,1
1952,2.0,2
1953,1.0,1
1954,1.0,1
1955,1.0,1
1956,2.0,2
1957,2.0,2
1958,2.0,2
1959,1.0,1
1960,1.0,1
1961,2.0,2
1962,1.0,1
1963,1.0,1
1964,1.0,1
1965,0.0,2
1966,0.0,0
1967,2.0,2
1968,2.0,2
1969,2.0,2
1970,2.0,2
1971,0.0,0
1972,0.0,0
1973,1.0,1
1974,0.0,0
1975,2.0,2
1976,2.0,2
1977,1.0,1
1978,1.0,1
1979,2.0,2
1980,1.0,1
1981,0.0,0
1982,1.0,1
1983,0.0,0
1984,1.0,1
1985,2.0,0
1986,0.0,0
1987,0.0,0
1988,1.0,1
1989,1.0,1
1990,2.0,2
1991,0.0,0
1992,2.0,2
1993,0.0,2
1994,2.0,2
1995,1.0,1
1996,1.0,1
1997,1.0,1
1998,1.0,1
1999,0.0,0
2000,2.0,2
2001,2.0,0
2002,1.0,1
2003,2.0,2
2004,1.0,1
2005,1.0,1
2006,2.0,2
2007,2.0,2
2008,0.0,0
2009,2.0,2
2010,2.0,2
2011,2.0,2
2012,1.0,2
2013,2.0,2
2014,1.0,1
2015,1.0,1
2016,1.0,1
2017,1.0,1
2018,2.0,2
2019,1.0,2
2020,2.0,2
2021,0.0,0
2022,2.0,2
2023,2.0,2
2024,1.0,1
2025,1.0,1
2026,2.0,2
2027,0.0,0
2028,0.0,0
2029,0.0,0
2030,2.0,2
2031,0.0,0
2032,1.0,1
2033,0.0,0
2034,2.0,0
2035,2.0,2
2036,2.0,2
2037,2.0,2
2038,2.0,2
2039,2.0,2
2040,1.0,1
2041,2.0,2
2042,1.0,1
2043,1.0,1
2044,2.0,2
2045,2.0,2
2046,1.0,1
2047,0.0,0
2048,0.0,0
2049,0.0,0
2050,2.0,2
2051,0.0,0
2052,0.0,0
2053,2.0,2
2054,0.0,0
2055,0.0,0
2056,2.0,2
2057,0.0,0
2058,1.0,1
2059,2.0,2
2060,0.0,2
2061,1.0,1
2062,1.0,1
2063,0.0,2
2064,0.0,0
2065,1.0,1
2066,0.0,0
2067,2.0,2
2068,0.0,0
2069,0.0,0
2070,1.0,1
2071,2.0,0
2072,2.0,2
2073,0.0,0
2074,2.0,0
2075,2.0,2
2076,2.0,2
2077,2.0,2
2078,0.0,0
2079,2.0,2
2080,1.0,1
2081,1.0,1
2082,2.0,2
2083,0.0,0
2084,1.0,1
2085,1.0,1
2086,2.0,2
2087,1.0,1
2088,1.0,1
2089,1.0,1
2090,2.0,2
2091,0.0,0
2092,2.0,0
2093,2.0,2
2094,1.0,1
2095,1.0,1
2096,1.0,1
2097,1.0,1
2098,0.0,0
2099,2.0,2
2100,0.0,0
2101,1.0,1
2102,0.0,0
2103,2.0,2
2104,0.0,0
2105,0.0,0
2106,0.0,0
2107,1.0,1
2108,1.0,1
2109,1.0,1
2110,1.0,1
2111,2.0,0
2112,0.0,0
2113,2.0,2
2114,0.0,0
2115,0.0,0
2116,1.0,1
2117,0.0,0
2118,1.0,1
2119,0.0,0
2120,1.0,1
2121,1.0,1
2122,2.0,2
2123,0.0,0
2124,0.0,0
2125,2.0,2
2126,0.0,2
2127,0.0,0
2128,1.0,1
2129,0.0,0
2130,0.0,0
2131,1.0,1
2132,2.0,2
2133,0.0,0
2134,1.0,1
2135,2.0,2
2136,2.0,2
2137,0.0,0
2138,2.0,2
2139,0.0,0
2140,2.0,2
2141,1.0,1
2142,1.0,1
2143,2.0,2
2144,0.0,0
2145,2.0,2
2146,1.0,1
2147,0.0,0
2148,2.0,2
2149,1.0,1
2150,0.0,0
2151,1.0,1
2152,0.0,0
2153,2.0,2
2154,2.0,2
2155,1.0,1
2156,2.0,2
2157,0.0,0
2158,1.0,1
2159,1.0,1
2160,1.0,1
2161,0.0,0
2162,1.0,1
2163,1.0,1
2164,2.0,2
2165,1.0,1
2166,2.0,0
2167,0.0,0
2168,1.0,1
2169,2.0,2
2170,2.0,0
2171,1.0,1
2172,2.0,2
2173,1.0,1
2174,0.0,0
2175,2.0,2
2176,1.0,1
2177,1.0,1
2178,0.0,0
2179,1.0,1
2180,1.0,1
2181,1.0,1
2182,1.0,1
2183,1.0,1
2184,2.0,2
2185,0.0,0
2186,2.0,2
2187,2.0,2
2188,0.0,0
2189,2.0,2
2190,0.0,2
2191,2.0,2
2192,2.0,2
2193,1.0,1
2194,1.0,1
2195,1.0,1
2196,2.0,0
2197,0.0,0
2198,1.0,1
2199,0.0,2
2200,2.0,2
2201,0.0,0
2202,1.0,1
2203,0.0,2
2204,1.0,1
2205,2.0,2
2206,2.0,2
2207,0.0,0
2208,2.0,2
2209,0.0,0
2210,2.0,2
2211,1.0,1
2212,1.0,1
2213,2.0,0
2214,0.0,0
2215,0.0,0
2216,0.0,2
2217,1.0,1
2218,0.0,0
2219,2.0,2
2220,0.0,0
2221,1.0,1
2222,2.0,2
2223,1.0,1
2224,0.0,0
2225,1.0,1
2226,2.0,2
2227,1.0,1
2228,0.0,0
2229,2.0,2
2230,0.0,0
2231,1.0,1
2232,0.0,1
2233,0.0,0
2234,2.0,2
2235,2.0,2
2236,2.0,2
2237,2.0,2
2238,1.0,1
2239,0.0,0
2240,1.0,1
2241,1.0,1
2242,1.0,1
2243,2.0,0
2244,2.0,2
2245,0.0,0
2246,1.0,1
2247,1.0,1
2248,0.0,2
2249,0.0,0
2250,2.0,2
2251,0.0,0
2252,2.0,2
2253,1.0,1
2254,2.0,0
2255,2.0,2
2256,1.0,1
2257,1.0,1
2258,2.0,2
2259,0.0,0
2260,2.0,2
2261,2.0,2
2262,1.0,1
2263,2.0,2
2264,0.0,0
2265,0.0,0
2266,0.0,0
2267,2.0,2
2268,0.0,0
2269,0.0,0
2270,1.0,1
2271,1.0,1
2272,0.0,0
2273,0.0,0
2274,0.0,0
2275,0.0,0
2276,2.0,2
2277,2.0,2
2278,1.0,1
2279,1.0,1
2280,0.0,0
2281,1.0,1
2282,2.0,2
2283,1.0,1
2284,1.0,1
2285,0.0,0
2286,0.0,0
2287,2.0,2
2288,1.0,1
2289,1.0,1
2290,1.0,1
2291,1.0,1
2292,1.0,1
2293,2.0,2
2294,2.0,0
2295,2.0,2
2296,2.0,2
2297,2.0,2
2298,2.0,2
2299,0.0,0
2300,1.0,1
2301,1.0,1
2302,0.0,0
2303,1.0,1
2304,1.0,1
2305,1.0,1
2306,0.0,0
2307,1.0,1
2308,0.0,0
2309,0.0,0
2310,0.0,1
2311,1.0,1
2312,2.0,2
2313,2.0,2
2314,0.0,0
2315,1.0,1
2316,1.0,1
2317,2.0,0
2318,0.0,0
2319,1.0,1
2320,2.0,2
2321,0.0,0
2322,2.0,2
2323,2.0,2
2324,1.0,1
2325,2.0,2
2326,2.0,2
2327,0.0,0
2328,0.0,0
2329,1.0,1
2330,0.0,0
2331,1.0,1
2332,1.0,1
2333,0.0,0
2334,2.0,2
2335,1.0,1
2336,0.0,0
2337,0.0,0
2338,0.0,0
2339,2.0,0
2340,1.0,1
2341,1.0,1
2342,1.0,1
2343,1.0,1
2344,0.0,2
2345,1.0,1
2346,2.0,2
2347,2.0,2
2348,1.0,1
2349,2.0,2
2350,2.0,0
2351,0.0,0
2352,2.0,0
2353,0.0,0
2354,1.0,1
2355,0.0,0
2356,0.0,2
2357,2.0,2
2358,0.0,0
2359,0.0,0
2360,0.0,0
2361,1.0,1
2362,1.0,1
2363,0.0,0
2364,0.0,0
2365,2.0,2
2366,2.0,2
2367,2.0,2
2368,0.0,0
2369,1.0,1
2370,0.0,0
2371,2.0,0
2372,0.0,0
2373,0.0,0
2374,2.0,0
2375,0.0,0
2376,2.0,2
2377,2.0,2
2378,1.0,1
2379,0.0,0
2380,1.0,1
2381,0.0,0
2382,2.0,2
2383,0.0,0
2384,2.0,2
2385,0.0,0
2386,2.0,2
2387,1.0,1
2388,1.0,1
2389,2.0,0
2390,2.0,0
2391,2.0,2
2392,2.0,2
2393,0.0,0
2394,0.0,1
2395,2.0,0
2396,2.0,2
2397,2.0,2
2398,0.0,0
2399,2.0,0
2400,0.0,0
2401,2.0,2
2402,1.0,1
2403,2.0,0
2404,0.0,0
2405,2.0,2
2406,2.0,2
2407,1.0,1
2408,2.0,2
2409,1.0,1
2410,1.0,1
2411,2.0,2
2412,2.0,2
2413,2.0,0
2414,0.0,0
2415,1.0,1
2416,1.0,1
2417,1.0,1
2418,1.0,1
2419,2.0,0
2420,1.0,2
2421,1.0,1
2422,2.0,2
2423,0.0,0
2424,0.0,2
2425,1.0,1
2426,0.0,0
2427,0.0,0
2428,2.0,2
2429,2.0,2
2430,0.0,0
2431,0.0,0
2432,2.0,0
2433,1.0,1
2434,2.0,2
2435,1.0,1
2436,1.0,1
2437,1.0,1
2438,0.0,0
2439,0.0,0
2440,1.0,1
2441,2.0,2
2442,1.0,1
2443,2.0,2
2444,0.0,0
2445,2.0,2
2446,0.0,0
2447,0.0,2
2448,2.0,2
2449,1.0,1
2450,2.0,2
2451,2.0,2
2452,0.0,1
2453,2.0,2
2454,0.0,0
2455,2.0,2
2456,1.0,1
2457,1.0,1
2458,1.0,1
2459,2.0,2
2460,2.0,2
2461,0.0,0
2462,0.0,0
2463,0.0,0
2464,2.0,2
2465,0.0,0
2466,1.0,1
2467,1.0,1
2468,0.0,0
2469,2.0,2
2470,2.0,2
2471,0.0,0
2472,1.0,2
2473,0.0,0
2474,0.0,1
2475,1.0,1
2476,1.0,1
2477,2.0,2
2478,0.0,0
2479,2.0,2
2480,1.0,1
2481,0.0,0
2482,0.0,1
2483,1.0,1
2484,1.0,1
2485,1.0,1
2486,1.0,1
2487,0.0,0
2488,0.0,0
2489,0.0,0
2490,2.0,2
2491,1.0,1
2492,2.0,2
2493,2.0,2
2494,0.0,0
2495,1.0,1
2496,0.0,0
2497,1.0,1
2498,0.0,0
2499,2.0,2
2500,1.0,1
2501,2.0,2
2502,1.0,1
2503,1.0,1
2504,0.0,0
2505,0.0,0
2506,0.0,0
2507,1.0,1
2508,1.0,1
2509,2.0,2
2510,0.0,0
2511,2.0,2
2512,2.0,2
2513,1.0,1
2514,1.0,1
2515,0.0,0
2516,2.0,2
2517,1.0,1
2518,2.0,2
2519,0.0,0
2520,0.0,0
2521,2.0,2
2522,2.0,2
2523,2.0,2
2524,0.0,0
2525,1.0,1
2526,1.0,1
2527,2.0,0
2528,2.0,2
2529,2.0,2
2530,2.0,2
2531,2.0,2
2532,1.0,1
2533,2.0,2
2534,0.0,0
2535,0.0,0
2536,0.0,0
2537,1.0,1
2538,1.0,1
2539,0.0,0
2540,2.0,2
2541,1.0,1
2542,2.0,2
2543,1.0,1
2544,2.0,2
2545,0.0,0
2546,1.0,1
2547,0.0,0
2548,1.0,1
2549,1.0,1
2550,0.0,0
2551,0.0,0
2552,1.0,1
2553,2.0,2
2554,1.0,1
2555,0.0,2
2556,0.0,0
2557,1.0,1
2558,0.0,0
2559,2.0,2
2560,2.0,2
2561,1.0,1
2562,0.0,0
2563,0.0,0
2564,0.0,0
2565,2.0,2
2566,0.0,0
2567,1.0,1
2568,1.0,1
2569,0.0,0
2570,0.0,0
2571,1.0,1
2572,0.0,0
2573,1.0,1
2574,1.0,1
2575,0.0,0
2576,0.0,0
2577,0.0,0
2578,2.0,0
2579,1.0,1
2580,2.0,2
2581,2.0,2
2582,2.0,2
2583,0.0,0
2584,1.0,1
2585,0.0,0
2586,2.0,2
2587,0.0,0
2588,0.0,2
2589,2.0,0
2590,0.0,0
2591,1.0,1
2592,2.0,2
2593,0.0,0
2594,1.0,1
2595,1.0,1
2596,2.0,2
2597,2.0,2
2598,1.0,1
2599,1.0,1
2600,0.0,0
2601,1.0,1
2602,0.0,2
2603,2.0,2
2604,2.0,2
2605,0.0,0
2606,2.0,2
2607,2.0,2
2608,0.0,0
2609,2.0,2
2610,1.0,1
2611,0.0,0
2612,0.0,0
2613,0.0,0
2614,0.0,0
2615,2.0,2
2616,1.0,1
2617,2.0,2
2618,2.0,2
2619,2.0,2
2620,1.0,1
2621,2.0,2
2622,1.0,1
2623,2.0,1
2624,2.0,2
2625,2.0,2
2626,1.0,1
2627,1.0,1
2628,2.0,2
2629,1.0,1
2630,2.0,2
2631,2.0,0
2632,1.0,1
2633,1.0,1
2634,1.0,1
2635,2.0,2
2636,2.0,2
2637,0.0,0
2638,0.0,0
2639,0.0,0
2640,1.0,1
2641,0.0,0
2642,2.0,2
2643,2.0,2
2644,2.0,2
2645,0.0,0
2646,2.0,2
2647,2.0,2
2648,2.0,2
2649,2.0,2
2650,1.0,1
2651,0.0,0
2652,0.0,0
2653,1.0,1
2654,2.0,2
2655,2.0,2
2656,0.0,0
2657,1.0,1
2658,2.0,2
2659,2.0,0
2660,0.0,0
2661,2.0,2
2662,1.0,1
2663,1.0,1
2664,2.0,1
2665,0.0,0
2666,0.0,1
2667,0.0,1
2668,1.0,1
2669,1.0,1
2670,2.0,2
2671,1.0,1
2672,1.0,1
2673,0.0,0
2674,2.0,1
2675,0.0,1
2676,1.0,1
2677,2.0,2
2678,0.0,2
2679,0.0,0
2680,0.0,0
2681,0.0,0
2682,2.0,1
2683,2.0,2
2684,0.0,1
2685,2.0,2
2686,0.0,0
2687,2.0,0
2688,0.0,0
2689,0.0,0
2690,2.0,0
2691,2.0,2
2692,0.0,0
2693,1.0,1
2694,0.0,0
2695,1.0,1
2696,1.0,1
2697,0.0,1
2698,0.0,0
2699,0.0,0
2700,1.0,1
2701,0.0,2
2702,0.0,1
2703,1.0,1
2704,1.0,1
2705,0.0,0
2706,0.0,0
2707,2.0,2
2708,0.0,0
2709,1.0,1
2710,2.0,0
2711,1.0,1
2712,1.0,1
2713,2.0,2
2714,0.0,0
2715,1.0,1
2716,1.0,1
2717,2.0,2
2718,1.0,1
2719,2.0,0
2720,2.0,2
2721,0.0,0
2722,0.0,0
2723,0.0,1
2724,2.0,2
2725,1.0,1
2726,0.0,2
2727,2.0,2
2728,0.0,1
2729,1.0,1
2730,0.0,1
2731,1.0,1
2732,1.0,1
2733,1.0,1
2734,1.0,1
2735,2.0,2
2736,2.0,2
2737,1.0,1
2738,0.0,0
2739,2.0,2
2740,1.0,1
2741,2.0,1
2742,1.0,1
2743,2.0,2
2744,1.0,1
2745,0.0,0
2746,1.0,1
2747,2.0,2
2748,0.0,0
2749,2.0,2
2750,2.0,1
2751,0.0,0
2752,1.0,1
2753,0.0,0
2754,0.0,2
2755,0.0,0
2756,2.0,2
2757,1.0,1
2758,1.0,1
2759,1.0,1
2760,1.0,1
2761,2.0,1
2762,1.0,1
2763,1.0,1
2764,1.0,1
2765,1.0,1
2766,2.0,1
2767,2.0,1
2768,1.0,1
2769,2.0,2
2770,0.0,0
2771,1.0,1
2772,0.0,0
2773,1.0,1
2774,2.0,2
2775,1.0,1
2776,1.0,1
2777,2.0,2
2778,1.0,1
2779,2.0,2
2780,0.0,0
2781,2.0,2
2782,2.0,0
2783,1.0,1
2784,2.0,0
2785,2.0,1
2786,0.0,1
2787,2.0,2
2788,0.0,2
2789,0.0,0
2790,1.0,1
2791,0.0,0
2792,1.0,1
2793,2.0,1
2794,1.0,1
2795,2.0,2
2796,1.0,1
2797,1.0,1
2798,2.0,2
2799,0.0,0
2800,2.0,1
2801,0.0,0
2802,0.0,0
2803,0.0,0
2804,2.0,2
2805,1.0,1
2806,1.0,1
2807,1.0,1
2808,1.0,1
2809,0.0,0
2810,1.0,1
2811,0.0,0
2812,2.0,2
2813,1.0,1
2814,1.0,1
2815,1.0,1
2816,0.0,1
2817,1.0,1
2818,1.0,1
2819,1.0,1
2820,0.0,0
2821,2.0,2
2822,1.0,1
2823,1.0,1
2824,1.0,1
2825,1.0,1
2826,2.0,2
2827,1.0,1
2828,1.0,1
2829,2.0,2
2830,1.0,1
2831,1.0,1
2832,1.0,1
2833,1.0,1
2834,0.0,0
2835,0.0,0
2836,1.0,1
2837,1.0,1
2838,1.0,1
2839,1.0,1
2840,1.0,1
2841,1.0,1
2842,0.0,2
2843,1.0,0
2844,0.0,0
2845,0.0,0
2846,2.0,2
2847,1.0,1
2848,1.0,1
2849,0.0,0
2850,2.0,2
2851,0.0,2
2852,2.0,0
2853,1.0,1
2854,1.0,1
2855,1.0,1
2856,1.0,1
2857,1.0,1
2858,0.0,1
2859,0.0,1
2860,2.0,0
2861,1.0,1
2862,0.0,1
2863,0.0,0
2864,0.0,0
2865,2.0,2
2866,0.0,1
2867,0.0,0
2868,0.0,0
2869,0.0,0
2870,2.0,2
2871,1.0,1
2872,2.0,2
2873,1.0,0
2874,1.0,1
2875,0.0,0
2876,0.0,0
2877,2.0,1
2878,1.0,1
2879,1.0,1
2880,2.0,2
2881,0.0,0
2882,1.0,1
2883,2.0,2
2884,0.0,1
2885,1.0,2
2886,0.0,0
2887,0.0,0
2888,1.0,1
2889,1.0,1
2890,2.0,2
2891,1.0,1
2892,1.0,2
2893,1.0,1
2894,1.0,1
2895,0.0,0
2896,1.0,1
2897,1.0,1
2898,2.0,2
2899,1.0,2
2900,2.0,2
2901,1.0,1
2902,1.0,1
2903,0.0,0
2904,1.0,1
2905,1.0,1
2906,1.0,1
2907,0.0,0
2908,1.0,2
2909,1.0,1
2910,0.0,0
2911,1.0,1
2912,2.0,2
2913,2.0,1
2914,1.0,0
2915,2.0,1
2916,1.0,2
2917,0.0,2
2918,1.0,1
2919,2.0,1
2920,0.0,0
2921,2.0,2
2922,1.0,1
2923,1.0,1
2924,0.0,0
2925,1.0,1
2926,1.0,1
2927,0.0,0
2928,1.0,0
2929,1.0,1
2930,0.0,0
2931,1.0,1
2932,0.0,0
2933,0.0,0
2934,1.0,1
2935,1.0,1
2936,1.0,1
2937,2.0,2
2938,1.0,1
2939,1.0,1
2940,1.0,1
2941,1.0,1
2942,0.0,0
2943,1.0,1
2944,2.0,2
2945,1.0,1
2946,1.0,1
2947,0.0,0
2948,1.0,1
2949,0.0,2
2950,1.0,1
2951,0.0,0
2952,2.0,0
2953,1.0,1
2954,1.0,1
2955,0.0,2
2956,0.0,0
2957,0.0,0
2958,1.0,1
2959,0.0,0
2960,2.0,1
2961,0.0,2
2962,0.0,0
2963,1.0,1
2964,0.0,0
2965,0.0,2
2966,0.0,0
2967,0.0,0
2968,2.0,2
2969,1.0,1
2970,0.0,0
2971,0.0,0
2972,0.0,0
2973,2.0,2
2974,1.0,1
2975,0.0,0
2976,1.0,1
2977,1.0,1
2978,1.0,1
2979,1.0,1
2980,1.0,1
2981,0.0,2
2982,1.0,1
2983,2.0,2
2984,1.0,1
2985,0.0,0
2986,1.0,1
2987,1.0,2
2988,0.0,0
2989,0.0,0
2990,1.0,1
2991,2.0,2
2992,1.0,1
2993,0.0,0
2994,1.0,1
2995,1.0,1
2996,2.0,2
2997,1.0,1
2998,2.0,2
2999,0.0,0
3000,1.0,1
3001,1.0,1
3002,2.0,2
3003,1.0,1
3004,0.0,0
3005,1.0,1
3006,1.0,1
3007,1.0,1
3008,1.0,1
3009,1.0,2
3010,0.0,0
3011,0.0,0
3012,1.0,1
3013,0.0,0
3014,0.0,0
3015,1.0,1
3016,0.0,0
3017,1.0,1
3018,1.0,1
3019,2.0,2
3020,1.0,1
3021,2.0,0
3022,0.0,0
3023,1.0,1
3024,0.0,0
3025,0.0,2
3026,0.0,2
3027,1.0,1
3028,2.0,2
3029,0.0,0
3030,1.0,1
3031,2.0,2
3032,1.0,1
3033,1.0,1
3034,0.0,0
3035,0.0,0
3036,1.0,1
3037,0.0,0
3038,1.0,1
3039,1.0,1
3040,1.0,1
3041,1.0,1
3042,1.0,1
3043,2.0,2
3044,1.0,1
3045,0.0,2
3046,1.0,1
3047,1.0,1
3048,1.0,1
3049,2.0,2
3050,1.0,1
3051,0.0,0
3052,1.0,1
3053,1.0,1
3054,0.0,2
3055,1.0,1
3056,1.0,1
3057,1.0,1
3058,0.0,0
3059,1.0,1
3060,0.0,0
3061,2.0,2
3062,1.0,1
3063,1.0,1
3064,1.0,1
3065,1.0,1
3066,1.0,1
3067,1.0,1
3068,0.0,0
3069,1.0,1
3070,1.0,1
3071,1.0,1
3072,1.0,1
3073,1.0,1
3074,1.0,1
3075,2.0,2
3076,1.0,1
3077,2.0,2
3078,1.0,0
3079,1.0,1
3080,1.0,2
3081,1.0,2
3082,1.0,1
3083,2.0,2
3084,2.0,2
3085,1.0,1
3086,1.0,0
3087,2.0,0
3088,1.0,1
3089,1.0,1
3090,0.0,0
3091,1.0,2
3092,2.0,2
3093,1.0,1
3094,1.0,0
3095,0.0,2
3096,2.0,2
3097,1.0,1
3098,1.0,1
3099,1.0,1
3100,0.0,0
3101,1.0,1
3102,2.0,2
3103,1.0,1
3104,2.0,1
3105,1.0,1
3106,2.0,1
3107,2.0,2
3108,1.0,1
3109,2.0,2
3110,1.0,1
3111,2.0,2
3112,2.0,2
3113,1.0,1
3114,2.0,0
3115,1.0,1
3116,2.0,1
3117,1.0,1
3118,0.0,0
3119,2.0,2
3120,2.0,2
3121,1.0,1
3122,1.0,1
3123,2.0,2
3124,0.0,0
3125,2.0,0
3126,0.0,0
3127,0.0,0
3128,1.0,1
3129,1.0,2
3130,2.0,2
3131,1.0,1
3132,1.0,1
3133,1.0,0
3134,1.0,1
3135,1.0,0
3136,1.0,1
3137,2.0,2
3138,1.0,1
3139,1.0,0
3140,1.0,1
3141,2.0,2
3142,2.0,2
3143,2.0,1
3144,0.0,2
3145,2.0,0
3146,0.0,0
3147,1.0,1
3148,0.0,1
3149,1.0,1
3150,1.0,1
3151,1.0,1
3152,2.0,2
3153,2.0,2
3154,1.0,0
3155,0.0,0
3156,0.0,0
3157,1.0,2
3158,1.0,0
3159,2.0,0
3160,1.0,0
3161,2.0,2
3162,1.0,1
3163,0.0,0
3164,1.0,0
3165,1.0,1
3166,1.0,1
3167,1.0,0
3168,1.0,1
3169,1.0,1
3170,2.0,2
3171,2.0,1
3172,0.0,0
3173,0.0,0
3174,2.0,0
3175,1.0,1
3176,2.0,2
3177,1.0,0
3178,2.0,2
3179,1.0,0
3180,1.0,1
3181,1.0,1
3182,0.0,0
3183,1.0,1
3184,2.0,2
3185,0.0,0
3186,1.0,1
3187,1.0,1
3188,1.0,1
3189,1.0,1
3190,2.0,0
3191,1.0,1
3192,2.0,0
3193,1.0,1
3194,1.0,1
3195,1.0,1
3196,1.0,1
3197,1.0,1
3198,1.0,1
3199,1.0,1
3200,1.0,1
3201,1.0,1
3202,2.0,2
3203,1.0,1
3204,2.0,2
3205,2.0,1
3206,1.0,1
3207,2.0,2
3208,0.0,0
3209,2.0,2
3210,0.0,0
3211,2.0,2
3212,1.0,0
3213,1.0,2
3214,1.0,1
3215,1.0,1
3216,1.0,1
3217,0.0,0
3218,1.0,1
3219,1.0,1
3220,1.0,1
3221,0.0,0
3222,1.0,1
3223,0.0,0
3224,2.0,0
3225,1.0,1
3226,2.0,2
3227,1.0,1
3228,0.0,0
3229,0.0,0
3230,0.0,0
3231,2.0,0
3232,1.0,1
3233,0.0,0
3234,1.0,1
3235,1.0,1
3236,1.0,1
3237,2.0,2
3238,1.0,1
3239,0.0,1
3240,1.0,1
3241,2.0,2
3242,1.0,1
3243,0.0,0
3244,1.0,1
3245,1.0,1
3246,0.0,0
3247,1.0,1
3248,0.0,0
3249,2.0,2
3250,1.0,1
3251,1.0,2
3252,0.0,0
3253,1.0,1
3254,1.0,1
3255,0.0,0
3256,1.0,0
3257,0.0,0
3258,1.0,1
3259,2.0,2
3260,0.0,0
3261,1.0,1
3262,1.0,2
3263,2.0,2
3264,1.0,1
3265,1.0,1
3266,0.0,0
3267,0.0,0
3268,0.0,0
3269,0.0,0
3270,2.0,2
3271,1.0,1
3272,0.0,0
3273,1.0,1
3274,1.0,1
3275,0.0,0
3276,1.0,1
3277,2.0,2
3278,1.0,1
3279,1.0,2
3280,1.0,1
3281,0.0,0
3282,1.0,1
3283,0.0,0
3284,0.0,0
3285,0.0,2
3286,1.0,1
3287,0.0,2
3288,1.0,1
3289,1.0,1
3290,1.0,1
3291,2.0,2
3292,1.0,1
3293,0.0,2
3294,1.0,1
3295,0.0,0
3296,0.0,0
3297,0.0,2
3298,1.0,1
3299,1.0,1
3300,1.0,1
3301,1.0,1
3302,0.0,2
3303,1.0,1
3304,1.0,2
3305,0.0,0
3306,2.0,2
3307,1.0,1
3308,1.0,1
3309,0.0,0
3310,0.0,0
3311,2.0,2
3312,1.0,2
3313,2.0,2
3314,1.0,1
3315,0.0,2
3316,1.0,1
3317,1.0,1
3318,0.0,0
3319,1.0,0
3320,1.0,1
3321,1.0,1
3322,0.0,0
3323,0.0,0
3324,1.0,1
3325,0.0,0
3326,2.0,2
3327,1.0,1
3328,0.0,0
3329,1.0,0
3330,1.0,2
3331,0.0,0
3332,1.0,1
3333,1.0,1
3334,2.0,2
3335,1.0,1
3336,1.0,1
3337,2.0,0
3338,0.0,0
3339,1.0,1
3340,1.0,1
3341,0.0,0
3342,0.0,0
3343,0.0,0
3344,2.0,2
3345,1.0,1
3346,0.0,0
3347,1.0,1
3348,0.0,0
3349,0.0,0
3350,2.0,1
3351,0.0,0
3352,1.0,1
3353,1.0,1
3354,1.0,1
3355,2.0,2
3356,1.0,1
3357,0.0,0
3358,2.0,2
3359,1.0,1
3360,1.0,1
3361,1.0,1
3362,2.0,2
3363,1.0,1
3364,1.0,1
3365,1.0,1
3366,1.0,1
3367,0.0,0
3368,0.0,0
3369,1.0,1
3370,0.0,0
3371,0.0,0
3372,1.0,1
3373,2.0,2
3374,0.0,2
3375,1.0,1
3376,1.0,1
3377,0.0,2
3378,2.0,0
3379,1.0,1
3380,1.0,1
3381,1.0,1
3382,2.0,2
3383,2.0,2
3384,1.0,1
3385,1.0,1
3386,1.0,2
3387,0.0,0
3388,2.0,2
3389,1.0,1
3390,2.0,2
3391,0.0,0
3392,1.0,1
3393,1.0,2
3394,0.0,0
3395,1.0,1
3396,1.0,0
3397,2.0,0
3398,0.0,0
3399,1.0,1
3400,1.0,1
3401,0.0,0
3402,1.0,1
3403,1.0,1
3404,1.0,1
3405,1.0,1
3406,0.0,0
3407,1.0,1
3408,1.0,1
3409,0.0,0
3410,0.0,0
3411,0.0,0
3412,0.0,0
3413,1.0,1
3414,1.0,1
3415,0.0,0
3416,0.0,0
3417,1.0,1
3418,2.0,2
3419,0.0,0
3420,2.0,2
3421,1.0,2
3422,0.0,0
3423,1.0,1
3424,1.0,1
3425,1.0,1
3426,1.0,1
3427,0.0,1
3428,0.0,0
3429,1.0,1
3430,1.0,1
3431,0.0,0
3432,1.0,2
3433,2.0,2
3434,1.0,1
3435,1.0,2
3436,2.0,0
3437,1.0,1
3438,1.0,2
3439,1.0,1
3440,1.0,1
3441,1.0,1
3442,1.0,0
3443,1.0,1
3444,2.0,2
3445,1.0,1
3446,1.0,1
3447,1.0,1
3448,1.0,1
3449,1.0,1
3450,1.0,1
3451,1.0,0
3452,1.0,1
3453,0.0,0
3454,2.0,1
3455,0.0,2
3456,1.0,1
3457,0.0,0
3458,0.0,0
3459,1.0,1
3460,1.0,2
3461,0.0,0
3462,1.0,1
3463,1.0,2
3464,2.0,2
3465,1.0,1
3466,1.0,1
3467,0.0,2
3468,1.0,1
3469,1.0,1
3470,1.0,1
3471,2.0,2
3472,1.0,1
3473,2.0,2
3474,1.0,1
3475,1.0,1
3476,0.0,2
3477,1.0,1
3478,0.0,0
3479,2.0,2
3480,1.0,1
3481,0.0,0
3482,0.0,0
3483,2.0,2
3484,1.0,1
3485,0.0,0
3486,1.0,1
3487,1.0,1
3488,2.0,2
3489,2.0,2
3490,1.0,1
3491,0.0,0
3492,1.0,1
3493,1.0,0
3494,1.0,1
3495,1.0,1
3496,2.0,2
3497,1.0,0
3498,1.0,1
3499,1.0,1
3500,1.0,1
3501,1.0,2
3502,1.0,1
3503,1.0,1
3504,0.0,0
3505,2.0,2
3506,0.0,0
3507,1.0,1
3508,0.0,0
3509,0.0,0
3510,1.0,1
3511,1.0,1
3512,2.0,2
3513,1.0,1
3514,1.0,1
3515,2.0,2
3516,1.0,1
3517,2.0,2
3518,1.0,1
3519,1.0,1
3520,1.0,1
3521,1.0,1
3522,0.0,2
3523,0.0,2
3524,1.0,1
3525,1.0,1
3526,1.0,2
3527,0.0,1
3528,0.0,0
3529,2.0,2
3530,1.0,1
3531,2.0,2
3532,1.0,2
3533,1.0,1
3534,0.0,1
3535,1.0,1
3536,1.0,1
3537,2.0,2
3538,1.0,1
3539,2.0,0
3540,1.0,1
3541,1.0,1
3542,1.0,1
3543,1.0,1
3544,0.0,2
3545,1.0,0
3546,1.0,0
3547,0.0,0
3548,2.0,2
3549,1.0,1
3550,1.0,2
3551,0.0,0
3552,0.0,0
3553,0.0,0
3554,1.0,1
3555,0.0,0
3556,1.0,1
3557,2.0,0
3558,1.0,1
3559,1.0,1
3560,1.0,2
3561,2.0,2
3562,2.0,0
3563,2.0,2
3564,1.0,1
3565,1.0,1
3566,0.0,2
3567,1.0,0
3568,0.0,0
3569,1.0,1
3570,1.0,1
3571,0.0,1
3572,1.0,1
3573,1.0,1
3574,1.0,1
3575,1.0,1
3576,1.0,1
3577,2.0,2
3578,1.0,1
3579,0.0,0
3580,0.0,0
3581,0.0,0
3582,1.0,1
3583,0.0,0
3584,1.0,1
3585,1.0,1
3586,1.0,1
3587,2.0,2
3588,1.0,1
3589,1.0,1
3590,0.0,0
3591,1.0,1
3592,1.0,1
3593,1.0,1
3594,1.0,2
3595,1.0,1
3596,1.0,0
3597,2.0,2
3598,0.0,0
3599,1.0,1
3600,1.0,1
3601,1.0,1
3602,1.0,1
3603,2.0,2
3604,1.0,1
3605,1.0,1
3606,2.0,2
3607,1.0,1
3608,0.0,0
3609,2.0,2
3610,1.0,0
3611,2.0,2
3612,1.0,1
3613,1.0,1
3614,1.0,1
3615,0.0,0
3616,2.0,2
3617,0.0,0
3618,0.0,0
3619,1.0,1
3620,0.0,0
3621,0.0,0
3622,1.0,1
3623,1.0,1
3624,2.0,2
3625,2.0,0
3626,2.0,2
3627,1.0,0
3628,0.0,0
3629,1.0,1
3630,2.0,2
3631,1.0,0
3632,2.0,2
3633,1.0,0
3634,1.0,1
3635,0.0,0
3636,2.0,2
3637,2.0,2
3638,1.0,1
3639,1.0,1
3640,1.0,1
3641,1.0,2
3642,2.0,2
3643,2.0,0
3644,1.0,2
3645,1.0,0
3646,1.0,2
3647,1.0,1
3648,1.0,1
3649,1.0,1
3650,1.0,1
3651,1.0,1
3652,2.0,2
3653,1.0,2
3654,2.0,2
3655,1.0,1
3656,1.0,0
3657,0.0,0
3658,1.0,1
3659,2.0,2
3660,1.0,1
3661,1.0,1
3662,1.0,1
3663,0.0,0
3664,0.0,0
3665,1.0,1
3666,1.0,2
3667,0.0,2
3668,0.0,0
3669,1.0,1
3670,0.0,0
3671,1.0,1
3672,2.0,2
3673,2.0,2
3674,1.0,1
3675,0.0,0
3676,2.0,2
3677,1.0,0
3678,1.0,2
3679,1.0,1
3680,0.0,0
3681,2.0,2
3682,0.0,2
3683,1.0,2
3684,2.0,2
3685,1.0,1
3686,1.0,0
3687,0.0,0
3688,1.0,1
3689,2.0,0
3690,0.0,0
3691,1.0,1
3692,1.0,0
3693,1.0,1
3694,1.0,1
3695,0.0,0
3696,1.0,0
3697,2.0,2
3698,1.0,0
3699,1.0,0
3700,1.0,2
3701,0.0,0
3702,0.0,0
3703,1.0,1
3704,1.0,2
3705,1.0,1
3706,1.0,1
3707,1.0,1
3708,1.0,1
3709,1.0,2
3710,0.0,0
3711,1.0,1
3712,1.0,1
3713,1.0,1
3714,2.0,2
3715,0.0,0
3716,1.0,0
3717,1.0,1
3718,0.0,0
3719,2.0,2
3720,2.0,2
3721,1.0,1
3722,0.0,2
3723,1.0,2
3724,0.0,0
3725,1.0,1
3726,0.0,0
3727,0.0,0
3728,0.0,0
3729,0.0,0
3730,1.0,1
3731,1.0,1
3732,1.0,1
3733,1.0,1
3734,1.0,1
3735,1.0,1
3736,2.0,2
3737,0.0,0
3738,0.0,2
3739,2.0,2
3740,0.0,0
3741,0.0,0
3742,1.0,1
3743,1.0,0
3744,1.0,1
3745,2.0,2
3746,1.0,1
3747,1.0,1
3748,0.0,0
3749,0.0,0
3750,1.0,1
3751,1.0,1
3752,1.0,1
3753,2.0,2
3754,2.0,2
3755,1.0,2
3756,1.0,1
3757,2.0,2
3758,0.0,0
3759,0.0,0
3760,1.0,1
3761,0.0,0
3762,0.0,0
3763,1.0,1
3764,1.0,1
3765,0.0,2
3766,1.0,1
3767,1.0,1
3768,1.0,1
3769,0.0,2
3770,2.0,0
3771,1.0,1
3772,0.0,0
3773,1.0,1
3774,0.0,0
3775,2.0,2
3776,1.0,1
3777,0.0,0
3778,1.0,1
3779,1.0,1
3780,2.0,2
3781,1.0,2
3782,2.0,0
3783,1.0,1
3784,2.0,2
3785,0.0,0
3786,2.0,2
3787,1.0,1
3788,1.0,0
3789,2.0,2
3790,1.0,1
3791,0.0,0
3792,1.0,1
3793,1.0,1
3794,0.0,0
3795,1.0,2
3796,2.0,2
3797,0.0,0
3798,1.0,1
3799,0.0,0
3800,0.0,0
3801,1.0,1
3802,1.0,1
3803,1.0,1
3804,2.0,2
3805,1.0,2
3806,1.0,1
3807,0.0,0
3808,0.0,0
3809,1.0,2
3810,0.0,0
3811,2.0,2
3812,1.0,1
3813,1.0,0
3814,2.0,2
3815,1.0,1
3816,0.0,2
3817,1.0,1
3818,1.0,1
3819,0.0,0
3820,2.0,2
3821,0.0,0
3822,2.0,2
3823,0.0,0
3824,2.0,0
3825,0.0,0
3826,0.0,0
3827,0.0,0
3828,1.0,1
3829,1.0,0
3830,1.0,1
3831,1.0,1
3832,0.0,0
3833,2.0,0
3834,2.0,0
3835,2.0,2
3836,0.0,0
3837,1.0,1
3838,0.0,0
3839,2.0,2
3840,0.0,0
3841,2.0,2
3842,2.0,2
3843,1.0,1
3844,2.0,2
3845,2.0,2
3846,2.0,2
3847,1.0,1
3848,2.0,0
3849,2.0,0
3850,1.0,0
3851,1.0,0
3852,2.0,0
3853,0.0,0
3854,2.0,2
3855,2.0,2
3856,0.0,0
3857,1.0,0
3858,2.0,0
3859,1.0,2
3860,1.0,2
3861,1.0,1
3862,1.0,1
3863,1.0,2
3864,2.0,2
3865,2.0,2
3866,2.0,2
3867,2.0,2
3868,0.0,0
3869,0.0,0
3870,0.0,0
3871,1.0,1
3872,0.0,0
3873,1.0,1
3874,0.0,0
3875,1.0,1
3876,2.0,2
3877,0.0,0
3878,2.0,2
3879,0.0,0
3880,1.0,1
3881,2.0,2
3882,0.0,0
3883,2.0,0
3884,1.0,1
3885,0.0,0
3886,1.0,1
3887,1.0,2
3888,2.0,2
3889,1.0,2
3890,0.0,0
3891,0.0,0
3892,0.0,0
3893,2.0,2
3894,1.0,1
3895,1.0,0
3896,1.0,1
3897,1.0,1
3898,2.0,0
3899,2.0,0
3900,1.0,1
3901,1.0,1
3902,0.0,0
3903,2.0,2
3904,1.0,1
3905,1.0,1
3906,0.0,0
3907,2.0,2
3908,0.0,0
3909,1.0,1
3910,0.0,0
3911,0.0,0
3912,2.0,2
3913,2.0,2
3914,1.0,1
3915,1.0,1
3916,1.0,1
3917,0.0,0
3918,2.0,2
3919,2.0,0
3920,0.0,0
3921,2.0,0
3922,0.0,0
3923,2.0,2
3924,1.0,0
3925,1.0,2
3926,0.0,0
3927,1.0,1
3928,2.0,2
3929,1.0,1
3930,1.0,1
3931,0.0,0
3932,1.0,1
3933,0.0,0
3934,1.0,1
3935,2.0,2
3936,1.0,1
3937,2.0,0
3938,0.0,0
3939,2.0,2
3940,2.0,2
3941,1.0,1
3942,1.0,1
3943,2.0,2
3944,2.0,2
3945,0.0,2
3946,0.0,0
3947,0.0,0
3948,1.0,1
3949,2.0,0
3950,1.0,1
3951,0.0,0
3952,0.0,0
3953,1.0,1
3954,0.0,0
3955,0.0,0
3956,1.0,1
3957,1.0,1
3958,0.0,0
3959,1.0,1
3960,0.0,0
3961,1.0,1
3962,2.0,2
3963,0.0,0
3964,0.0,0
3965,1.0,1
3966,1.0,1
3967,0.0,0
3968,2.0,0
3969,2.0,2
3970,1.0,1
3971,1.0,1
3972,1.0,1
3973,0.0,0
3974,2.0,2
3975,2.0,2
3976,2.0,1
3977,1.0,2
3978,0.0,0
3979,1.0,1
3980,0.0,2
3981,1.0,1
3982,2.0,2
3983,1.0,1
3984,0.0,2
3985,2.0,2
3986,2.0,2
3987,2.0,2
3988,2.0,0
3989,2.0,2
3990,0.0,0
3991,1.0,1
3992,2.0,2
3993,0.0,0
3994,1.0,1
3995,1.0,1
3996,1.0,1
3997,1.0,1
3998,1.0,0
3999,0.0,0
4000,0.0,0
4001,1.0,2
4002,1.0,1
4003,0.0,0
4004,1.0,1
4005,1.0,1
4006,1.0,1
4007,0.0,2
4008,1.0,1
4009,1.0,1
4010,1.0,2
4011,0.0,0
4012,1.0,1
4013,2.0,0
4014,0.0,0
4015,1.0,2
4016,1.0,0
4017,2.0,2
4018,1.0,1
4019,1.0,2
4020,0.0,0
4021,1.0,1
4022,2.0,2
4023,0.0,2
4024,2.0,2
4025,1.0,1
4026,0.0,0
4027,1.0,1
4028,2.0,2
4029,2.0,2
4030,2.0,2
4031,1.0,1
4032,1.0,1
4033,0.0,0
4034,1.0,1
4035,1.0,1
4036,1.0,1
4037,2.0,2
4038,0.0,0
4039,1.0,2
4040,0.0,0
4041,1.0,1
4042,0.0,0
4043,1.0,1
4044,0.0,0
4045,1.0,1
4046,1.0,1
4047,1.0,1
4048,1.0,1
4049,0.0,0
4050,2.0,2
4051,2.0,0
4052,0.0,0
4053,1.0,1
4054,1.0,1
4055,1.0,1
4056,2.0,0
4057,2.0,2
4058,2.0,2
4059,0.0,0
4060,0.0,0
4061,2.0,2
4062,2.0,2
4063,0.0,0
4064,0.0,2
4065,0.0,0
4066,2.0,2
4067,1.0,1
4068,1.0,1
4069,2.0,2
4070,1.0,1
4071,0.0,2
4072,1.0,1
4073,2.0,2
4074,0.0,0
4075,1.0,1
4076,2.0,2
4077,0.0,0
4078,0.0,0
4079,1.0,1
4080,2.0,2
4081,0.0,0
4082,1.0,1
4083,1.0,2
4084,1.0,1
4085,1.0,1
4086,2.0,0
4087,2.0,2
4088,0.0,0
4089,0.0,0
4090,2.0,0
4091,1.0,0
4092,2.0,2
4093,1.0,1
4094,0.0,0
4095,0.0,0
4096,2.0,2
4097,1.0,1
4098,0.0,2
4099,1.0,0
4100,0.0,0
4101,0.0,0
4102,1.0,1
4103,1.0,1
4104,1.0,1
4105,1.0,1
4106,1.0,0
4107,1.0,1
4108,1.0,1
4109,1.0,1
4110,1.0,1
4111,0.0,0
4112,2.0,2
4113,1.0,1
4114,0.0,0
4115,1.0,2
4116,2.0,2
4117,1.0,1
4118,2.0,2
4119,2.0,2
4120,2.0,2
4121,0.0,0
4122,0.0,0
4123,0.0,0
4124,0.0,0
4125,1.0,1
4126,2.0,2
4127,1.0,1
4128,1.0,1
4129,1.0,1
4130,0.0,0
4131,2.0,2
4132,0.0,0
4133,2.0,2
4134,2.0,2
4135,2.0,2
4136,1.0,2
4137,1.0,2
4138,2.0,0
4139,1.0,1
4140,2.0,2
4141,1.0,1
4142,2.0,2
4143,1.0,1
4144,1.0,1
4145,0.0,0
4146,0.0,0
4147,0.0,0
4148,0.0,0
4149,1.0,1
4150,2.0,2
4151,1.0,2
4152,2.0,2
4153,0.0,0
4154,2.0,2
4155,0.0,0
4156,0.0,0
4157,1.0,1
4158,2.0,2
4159,2.0,2
4160,1.0,1
4161,1.0,1
4162,0.0,0
4163,1.0,1
4164,2.0,2
4165,2.0,2
4166,1.0,1
4167,1.0,2
4168,2.0,2
4169,2.0,2
4170,2.0,2
4171,1.0,1
4172,1.0,1
4173,0.0,0
4174,2.0,2
4175,1.0,1
4176,0.0,0
4177,1.0,1
4178,2.0,2
4179,0.0,0
4180,0.0,0
4181,0.0,0
4182,2.0,2
4183,2.0,2
4184,0.0,2
4185,2.0,2
4186,2.0,2
4187,0.0,0
4188,2.0,2
4189,0.0,0
4190,0.0,0
4191,1.0,1
4192,1.0,1
4193,0.0,0
4194,1.0,1
4195,2.0,2
4196,2.0,1
4197,1.0,1
4198,0.0,2
4199,1.0,1
4200,1.0,0
4201,0.0,0
4202,1.0,1
4203,1.0,1
4204,2.0,2
4205,0.0,0
4206,2.0,2
4207,1.0,1
4208,1.0,2
4209,1.0,1
4210,2.0,2
4211,0.0,0
4212,0.0,2
4213,1.0,1
4214,2.0,2
4215,2.0,2
4216,2.0,2
4217,0.0,0
4218,0.0,0
4219,1.0,0
4220,1.0,1
4221,0.0,0
4222,2.0,2
4223,1.0,1
4224,0.0,0
4225,2.0,2
4226,1.0,1
4227,0.0,2
4228,0.0,0
4229,1.0,1
4230,0.0,0
4231,2.0,2
4232,0.0,0
4233,0.0,2
4234,1.0,2
4235,2.0,2
4236,0.0,0
4237,2.0,2
4238,2.0,2
4239,1.0,1
4240,1.0,1
4241,1.0,1
4242,0.0,0
4243,2.0,2
4244,0.0,0
4245,1.0,1
4246,1.0,1
4247,2.0,2
4248,0.0,0
4249,0.0,0
4250,2.0,2
4251,0.0,0
4252,1.0,0
4253,2.0,1
4254,2.0,1
4255,1.0,2
4256,2.0,2
4257,1.0,1
4258,0.0,0
4259,1.0,1
4260,2.0,2
4261,1.0,1
4262,2.0,2
4263,2.0,1
4264,1.0,1
4265,2.0,2
4266,1.0,1
4267,1.0,1
4268,0.0,2
4269,0.0,0
4270,1.0,1
4271,1.0,1
4272,1.0,1
4273,0.0,0
4274,1.0,1
4275,1.0,1
4276,0.0,2
4277,1.0,1
4278,1.0,1
4279,1.0,1
4280,2.0,2
4281,1.0,1
4282,0.0,0
4283,1.0,1
4284,0.0,0
4285,1.0,1
4286,1.0,1
4287,0.0,0
4288,0.0,0
4289,0.0,0
4290,1.0,1
4291,2.0,2
4292,2.0,2
4293,1.0,1
4294,2.0,2
4295,2.0,0
4296,2.0,2
4297,0.0,0
4298,2.0,2
4299,1.0,1
4300,0.0,0
4301,0.0,0
4302,2.0,0
4303,2.0,2
4304,2.0,1
4305,0.0,0
4306,0.0,0
4307,2.0,2
4308,2.0,2
4309,2.0,2
4310,1.0,0
4311,2.0,2
4312,2.0,2
4313,0.0,0
4314,2.0,2
4315,0.0,0
4316,2.0,2
4317,0.0,0
4318,1.0,1
4319,0.0,0
4320,2.0,2
4321,1.0,1
4322,1.0,1
4323,0.0,0
4324,0.0,0
4325,0.0,0
4326,0.0,0
4327,2.0,2
4328,1.0,1
4329,2.0,2
4330,1.0,1
4331,2.0,2
4332,1.0,1
4333,1.0,1
4334,1.0,1
4335,1.0,1
4336,2.0,0
4337,1.0,1
4338,2.0,1
4339,0.0,2
4340,1.0,1
4341,2.0,2
4342,0.0,0
4343,0.0,2
4344,2.0,2
4345,1.0,1
4346,1.0,1
4347,2.0,2
4348,2.0,2
4349,0.0,2
4350,0.0,0
4351,2.0,2
4352,1.0,1
4353,0.0,0
4354,1.0,1
4355,1.0,1
4356,1.0,1
4357,2.0,2
4358,0.0,0
4359,1.0,0
4360,0.0,0
4361,2.0,0
4362,1.0,1
4363,2.0,2
4364,1.0,1
4365,0.0,2
4366,1.0,1
4367,2.0,2
4368,1.0,1
4369,2.0,2
4370,2.0,2
4371,2.0,0
4372,2.0,2
4373,0.0,2
4374,1.0,1
4375,1.0,0
4376,0.0,0
4377,2.0,2
4378,0.0,0
4379,2.0,2
4380,0.0,2
4381,1.0,0
4382,2.0,2
4383,0.0,0
4384,2.0,2
4385,0.0,0
4386,1.0,2
4387,0.0,0
4388,1.0,1
4389,2.0,2
4390,0.0,0
4391,2.0,2
4392,2.0,2
4393,2.0,2
4394,1.0,1
4395,1.0,1
4396,2.0,2
4397,2.0,2
4398,1.0,1
4399,2.0,2
4400,1.0,1
4401,2.0,0
4402,0.0,0
4403,2.0,0
4404,0.0,0
4405,0.0,0
4406,1.0,2
4407,0.0,0
4408,0.0,2
4409,2.0,2
4410,1.0,0
4411,1.0,1
4412,1.0,1
4413,1.0,0
4414,1.0,2
4415,0.0,0
4416,2.0,2
4417,2.0,2
4418,0.0,0
4419,2.0,2
4420,2.0,2
4421,1.0,1
4422,1.0,1
4423,0.0,0
4424,0.0,2
4425,1.0,1
4426,0.0,0
4427,0.0,0
4428,1.0,1
4429,2.0,2
4430,2.0,2
4431,1.0,1
4432,0.0,0
4433,1.0,1
4434,1.0,1
4435,2.0,2
4436,0.0,2
4437,1.0,1
4438,2.0,2
4439,2.0,2
4440,1.0,1
4441,0.0,0
4442,1.0,1
4443,1.0,1
4444,0.0,2
4445,1.0,2
4446,2.0,2
4447,2.0,2
4448,1.0,2
4449,1.0,1
4450,1.0,1
4451,1.0,0
4452,2.0,2
4453,1.0,0
4454,1.0,1
4455,2.0,2
4456,1.0,1
4457,1.0,1
4458,1.0,1
4459,1.0,1
4460,1.0,2
4461,2.0,2
4462,1.0,1
4463,2.0,2
4464,2.0,2
4465,2.0,2
4466,1.0,1
4467,0.0,0
4468,1.0,1
4469,0.0,0
4470,1.0,1
4471,0.0,0
4472,2.0,2
4473,2.0,2
4474,2.0,2
4475,1.0,1
4476,1.0,1
4477,0.0,0
4478,2.0,2
4479,1.0,1
4480,2.0,2
4481,2.0,2
4482,1.0,1
4483,1.0,1
4484,0.0,0
4485,0.0,0
4486,1.0,0
4487,1.0,1
4488,2.0,2
4489,1.0,1
4490,0.0,0
4491,2.0,2
4492,0.0,0
4493,2.0,2
4494,0.0,0
4495,1.0,0
4496,1.0,1
4497,1.0,1
4498,2.0,2
4499,2.0,2
4500,2.0,2
4501,1.0,1
4502,1.0,1
4503,2.0,0
4504,2.0,2
4505,1.0,1
4506,1.0,2
4507,1.0,1
4508,1.0,0
4509,2.0,2
4510,1.0,1
4511,2.0,0
4512,2.0,2
4513,2.0,0
4514,1.0,1
4515,1.0,1
4516,2.0,2
4517,1.0,2
4518,2.0,2
4519,1.0,1
4520,2.0,2
4521,2.0,2
4522,0.0,0
4523,0.0,0
4524,2.0,2
4525,2.0,2
4526,2.0,2
4527,2.0,2
4528,1.0,1
4529,0.0,0
4530,2.0,2
4531,1.0,1
4532,1.0,2
4533,1.0,0
4534,1.0,1
4535,2.0,0
4536,2.0,2
4537,0.0,0
4538,1.0,0
4539,0.0,0
4540,1.0,0
4541,0.0,0
4542,2.0,2
4543,1.0,1
4544,1.0,1
4545,2.0,2
4546,2.0,2
4547,0.0,0
4548,2.0,2
4549,1.0,2
4550,1.0,1
4551,2.0,2
4552,1.0,0
4553,2.0,0
4554,1.0,1
4555,0.0,0
4556,2.0,2
4557,2.0,2
4558,0.0,0
4559,1.0,1
4560,0.0,0
4561,2.0,2
4562,1.0,1
4563,0.0,0
4564,0.0,1
4565,0.0,2
4566,2.0,2
4567,1.0,1
4568,2.0,2
4569,2.0,2
4570,0.0,2
4571,2.0,2
4572,2.0,2
4573,1.0,2
4574,2.0,2
4575,2.0,2
4576,2.0,2
4577,2.0,2
4578,0.0,0
4579,1.0,1
4580,1.0,1
4581,2.0,0
4582,1.0,1
4583,2.0,2
4584,2.0,2
4585,2.0,2
4586,1.0,1
4587,0.0,0
4588,1.0,1
4589,1.0,1
4590,2.0,2
4591,1.0,1
4592,2.0,2
4593,1.0,2
4594,0.0,0
4595,2.0,2
4596,2.0,2
4597,0.0,0
4598,2.0,2
4599,0.0,0
4600,2.0,2
4601,1.0,1
4602,2.0,2
4603,0.0,0
4604,1.0,1
4605,2.0,2
4606,2.0,2
4607,2.0,0
4608,2.0,2
4609,0.0,0
4610,2.0,2
4611,2.0,2
4612,2.0,0
4613,2.0,2
4614,0.0,0
4615,2.0,2
4616,2.0,2
4617,1.0,1
4618,2.0,2
4619,1.0,1
4620,0.0,0
4621,2.0,2
4622,0.0,0
4623,2.0,2
4624,1.0,1
4625,1.0,1
4626,0.0,0
4627,2.0,2
4628,0.0,0
4629,2.0,2
4630,2.0,2
4631,2.0,2
4632,2.0,2
4633,1.0,1
4634,1.0,1
4635,2.0,0
4636,2.0,2
4637,2.0,2
4638,2.0,2
4639,1.0,1
4640,1.0,2
4641,1.0,1
4642,0.0,2
4643,1.0,1
4644,0.0,0
4645,2.0,2
4646,2.0,2
4647,2.0,2
4648,1.0,1
4649,0.0,0
4650,1.0,0
4651,0.0,0
4652,1.0,1
4653,2.0,2
4654,2.0,2
4655,2.0,1
4656,2.0,2
4657,2.0,2
4658,1.0,1
4659,2.0,2
4660,2.0,2
4661,2.0,0
4662,2.0,2
4663,2.0,2
4664,2.0,1
4665,2.0,2
4666,2.0,2
4667,1.0,1
4668,1.0,1
4669,0.0,0
4670,2.0,2
4671,0.0,0
4672,1.0,1
4673,0.0,0
4674,2.0,2
4675,2.0,2
4676,2.0,2
4677,2.0,2
4678,0.0,0
4679,2.0,2
4680,1.0,1
4681,1.0,1
4682,2.0,2
4683,2.0,2
4684,0.0,0
4685,2.0,2
4686,1.0,1
4687,0.0,0
4688,2.0,2
4689,2.0,2
4690,2.0,2
4691,2.0,2
4692,2.0,2
4693,1.0,1
4694,2.0,2
4695,2.0,2
4696,1.0,1
4697,2.0,2
4698,0.0,0
4699,2.0,2
4700,0.0,0
4701,1.0,1
4702,2.0,2
4703,1.0,1
4704,2.0,2
4705,2.0,2
4706,1.0,1
4707,0.0,0
4708,2.0,2
4709,1.0,1
4710,2.0,2
4711,0.0,0
4712,0.0,2
4713,2.0,2
4714,0.0,0
4715,0.0,0
4716,1.0,1
4717,0.0,2
4718,2.0,2
4719,2.0,2
4720,1.0,0
4721,2.0,2
4722,1.0,1
4723,2.0,2
4724,0.0,0
4725,1.0,1
4726,0.0,0
4727,2.0,2
4728,1.0,1
4729,1.0,1
4730,2.0,0
4731,2.0,0
4732,2.0,2
4733,0.0,0
4734,0.0,0
4735,2.0,2
4736,2.0,2
4737,2.0,2
4738,2.0,2
4739,0.0,0
4740,2.0,2
4741,2.0,2
4742,2.0,2
4743,0.0,0
4744,0.0,0
4745,2.0,2
4746,1.0,1
4747,2.0,2
4748,0.0,0
4749,0.0,2
4750,1.0,0
4751,2.0,2
4752,2.0,2
4753,2.0,2
4754,2.0,2
4755,0.0,0
4756,0.0,0
4757,2.0,2
4758,2.0,2
4759,2.0,0
4760,2.0,2
4761,2.0,2
4762,2.0,2
4763,1.0,1
4764,1.0,1
4765,1.0,1
4766,2.0,0
4767,1.0,1
4768,2.0,2
4769,2.0,2
4770,2.0,2
4771,2.0,2
4772,1.0,1
4773,2.0,2
4774,1.0,1
4775,2.0,2
4776,2.0,2
4777,2.0,2
4778,2.0,2
4779,2.0,2
4780,2.0,2
4781,1.0,1
4782,1.0,1
4783,2.0,2
4784,1.0,1
4785,2.0,2
4786,2.0,2
4787,2.0,2
4788,1.0,1
4789,1.0,1
4790,2.0,2
4791,2.0,2
4792,1.0,1
4793,2.0,2
4794,2.0,2
4795,1.0,1
4796,2.0,2
4797,2.0,2
4798,0.0,0
4799,2.0,2
4800,2.0,2
4801,2.0,2
4802,1.0,1
4803,0.0,2
4804,1.0,1
4805,2.0,2
4806,2.0,2
4807,2.0,2
4808,2.0,2
4809,1.0,1
4810,1.0,1
4811,1.0,2
4812,2.0,2
4813,1.0,1
4814,1.0,1
4815,2.0,2
4816,2.0,2
4817,2.0,2
4818,2.0,2
4819,1.0,1
4820,1.0,1
4821,2.0,2
4822,1.0,1
4823,1.0,0
4824,2.0,2
4825,1.0,0
4826,2.0,2
4827,1.0,1
4828,2.0,2
4829,1.0,1
4830,2.0,2
4831,1.0,1
4832,2.0,2
4833,1.0,0
4834,0.0,0
4835,2.0,2
4836,1.0,1
4837,0.0,0
4838,1.0,1
4839,0.0,0
4840,1.0,1
4841,2.0,1
4842,2.0,2
4843,2.0,2
4844,2.0,2
4845,2.0,2
4846,2.0,0
4847,2.0,2
4848,2.0,2
4849,2.0,2
4850,2.0,2
4851,0.0,0
4852,2.0,2
4853,2.0,2
4854,1.0,1
4855,1.0,1
4856,2.0,2
4857,2.0,2
4858,2.0,2
4859,2.0,2
4860,2.0,2
4861,2.0,2
4862,2.0,2
4863,1.0,1
4864,2.0,2
4865,0.0,0
4866,2.0,1
4867,1.0,1
4868,2.0,2
4869,1.0,1
4870,1.0,1
4871,2.0,2
4872,0.0,0
4873,1.0,1
4874,1.0,1
4875,2.0,2
4876,2.0,2
4877,2.0,2
4878,0.0,2
4879,1.0,1
4880,1.0,1
4881,2.0,2
4882,0.0,0
4883,2.0,2
4884,0.0,0
4885,0.0,0
4886,0.0,0
4887,2.0,2
4888,2.0,2
4889,1.0,1
4890,2.0,2
4891,0.0,0
4892,2.0,2
4893,2.0,2
4894,2.0,2
4895,2.0,2
4896,1.0,1
4897,2.0,0
4898,2.0,2
4899,0.0,0
4900,0.0,2
4901,2.0,2
4902,2.0,2
4903,2.0,2
4904,2.0,2
4905,2.0,2
4906,2.0,2
4907,2.0,2
4908,2.0,2
4909,1.0,2
4910,0.0,0
4911,2.0,2
4912,0.0,0
4913,1.0,1
4914,2.0,2
4915,2.0,2
4916,0.0,0
4917,2.0,2
4918,2.0,2
4919,2.0,2
4920,2.0,2
4921,1.0,1
4922,2.0,2
4923,2.0,2
4924,2.0,2
4925,1.0,1
4926,0.0,0
4927,2.0,2
4928,2.0,0
4929,0.0,0
4930,1.0,1
4931,2.0,2
4932,2.0,2
4933,1.0,1
4934,2.0,2
4935,1.0,0
4936,2.0,2
4937,2.0,2
4938,2.0,2
4939,1.0,1
4940,2.0,2
4941,0.0,0
4942,1.0,1
4943,1.0,1
4944,2.0,2
4945,2.0,2
4946,0.0,0
4947,1.0,1
4948,2.0,2
4949,1.0,1
4950,1.0,1
4951,2.0,2
4952,0.0,0
4953,1.0,1
4954,2.0,2
4955,1.0,1
4956,2.0,2
4957,2.0,2
4958,0.0,0
4959,2.0,2
4960,2.0,2
4961,2.0,2
4962,2.0,2
4963,2.0,2
4964,1.0,0
4965,2.0,2
4966,2.0,2
4967,2.0,2
4968,1.0,1
4969,1.0,1
4970,2.0,2
4971,0.0,0
4972,1.0,1
4973,2.0,1
4974,2.0,2
4975,2.0,2
4976,2.0,2
4977,2.0,1
4978,2.0,2
4979,2.0,0
4980,2.0,2
4981,1.0,1
4982,0.0,0
4983,1.0,1
4984,2.0,2
4985,2.0,2
4986,0.0,0
4987,0.0,0
4988,2.0,2
4989,2.0,2
4990,1.0,1
4991,2.0,2
4992,0.0,0
4993,2.0,2
4994,2.0,2
4995,2.0,2
4996,1.0,2
4997,0.0,0
4998,0.0,0
4999,2.0,0
5000,1.0,0
5001,0.0,0
5002,0.0,0
5003,2.0,2
5004,1.0,1
5005,2.0,2
5006,1.0,1
5007,2.0,1
5008,0.0,0
5009,0.0,2
5010,1.0,1
5011,2.0,2
5012,2.0,2
5013,1.0,1
5014,2.0,2
5015,0.0,0
5016,2.0,2
5017,2.0,2
5018,2.0,2
5019,2.0,2
5020,0.0,0
5021,2.0,2
5022,2.0,0
5023,0.0,0
5024,1.0,1
5025,1.0,1
5026,2.0,2
5027,1.0,1
5028,0.0,0
5029,0.0,0
5030,1.0,1
5031,2.0,2
5032,0.0,0
5033,0.0,0
5034,2.0,2
5035,2.0,2
5036,2.0,2
5037,1.0,1
5038,2.0,2
5039,1.0,1
5040,2.0,2
5041,0.0,0
5042,1.0,1
5043,2.0,1
5044,0.0,0
5045,1.0,1
5046,1.0,1
5047,1.0,1
5048,2.0,2
5049,2.0,2
5050,0.0,0
5051,2.0,2
5052,2.0,2
5053,1.0,1
5054,1.0,0
5055,2.0,2
5056,2.0,2
5057,2.0,2
5058,2.0,2
5059,2.0,2
5060,0.0,0
5061,2.0,2
5062,2.0,2
5063,2.0,2
5064,2.0,2
5065,2.0,2
5066,2.0,2
5067,1.0,1
5068,1.0,1
5069,2.0,2
5070,2.0,2
5071,2.0,2
5072,0.0,0
5073,2.0,2
5074,0.0,0
5075,1.0,1
5076,1.0,1
5077,2.0,2
5078,2.0,2
5079,1.0,1
5080,2.0,2
5081,2.0,2
5082,1.0,1
5083,2.0,2
5084,0.0,0
5085,0.0,0
5086,2.0,2
5087,0.0,0
5088,2.0,2
5089,2.0,0
5090,2.0,2
5091,0.0,0
5092,2.0,2
5093,1.0,1
5094,0.0,0
5095,1.0,0
5096,2.0,2
5097,2.0,2
5098,2.0,0
5099,2.0,2
5100,2.0,2
5101,2.0,2
5102,0.0,0
5103,2.0,2
5104,1.0,1
5105,0.0,0
5106,0.0,0
5107,0.0,0
5108,1.0,1
5109,2.0,2
5110,2.0,2
5111,0.0,0
5112,1.0,1
5113,2.0,2
5114,2.0,2
5115,2.0,0
5116,2.0,2
5117,0.0,0
5118,2.0,2
5119,0.0,0
5120,1.0,1
5121,2.0,2
5122,2.0,2
5123,2.0,2
5124,2.0,2
5125,2.0,2
5126,2.0,0
5127,2.0,0
5128,0.0,0
5129,2.0,2
5130,2.0,2
5131,2.0,2
5132,0.0,0
5133,0.0,0
5134,0.0,0
5135,2.0,2
5136,1.0,0
5137,2.0,2
5138,2.0,2
5139,0.0,0
5140,0.0,0
5141,1.0,1
5142,0.0,0
5143,0.0,0
5144,1.0,0
5145,0.0,0
5146,2.0,2
5147,0.0,0
5148,2.0,2
5149,2.0,2
5150,2.0,2
5151,1.0,2
5152,2.0,2
5153,2.0,2
5154,2.0,2
5155,1.0,1
5156,2.0,2
5157,2.0,2
5158,1.0,1
5159,2.0,2
5160,2.0,2
5161,2.0,2
5162,2.0,0
5163,2.0,2
5164,2.0,2
5165,2.0,2
5166,2.0,2
5167,2.0,2
5168,2.0,2
5169,0.0,0
5170,2.0,2
5171,2.0,2
5172,1.0,1
5173,0.0,0
5174,2.0,2
5175,0.0,0
5176,2.0,2
5177,2.0,2
5178,1.0,1
5179,2.0,2
5180,2.0,2
5181,1.0,1
5182,0.0,0
5183,1.0,1
5184,2.0,2
5185,2.0,2
5186,2.0,2
5187,2.0,2
5188,2.0,0
5189,2.0,2
5190,2.0,2
5191,1.0,1
5192,1.0,1
5193,2.0,0
5194,1.0,1
5195,2.0,2
5196,2.0,2
5197,1.0,1
5198,1.0,1
5199,2.0,2
5200,0.0,0
5201,2.0,2
5202,1.0,2
5203,2.0,2
5204,1.0,1
5205,2.0,2
5206,2.0,2
5207,2.0,2
5208,0.0,0
5209,1.0,1
5210,1.0,1
5211,2.0,2
5212,0.0,0
5213,2.0,2
5214,1.0,1
5215,2.0,2
5216,0.0,0
5217,2.0,0
5218,0.0,0
5219,1.0,1
5220,1.0,1
5221,2.0,2
5222,2.0,2
5223,2.0,2
5224,2.0,2
5225,2.0,2
5226,2.0,2
5227,0.0,0
5228,1.0,1
5229,2.0,2
5230,0.0,0
5231,0.0,2
5232,1.0,1
5233,2.0,2
5234,1.0,1
5235,2.0,2
5236,2.0,2
5237,0.0,0
5238,1.0,1
5239,2.0,2
5240,0.0,0
5241,1.0,1
5242,0.0,0
5243,0.0,2
5244,0.0,2
5245,0.0,1
5246,0.0,0
5247,2.0,2
5248,2.0,2
5249,2.0,2
5250,2.0,2
5251,2.0,2
5252,0.0,0
5253,0.0,0
5254,2.0,2
5255,2.0,2
5256,1.0,1
5257,2.0,2
5258,2.0,2
5259,1.0,1
5260,0.0,0
5261,1.0,1
5262,1.0,1
5263,2.0,2
5264,0.0,0
5265,2.0,2
5266,1.0,1
5267,2.0,0
5268,2.0,2
5269,2.0,2
5270,1.0,1
5271,2.0,2
5272,1.0,1
5273,0.0,0
5274,2.0,2
5275,2.0,2
5276,0.0,0
5277,2.0,2
5278,0.0,0
5279,0.0,0
5280,0.0,0
5281,0.0,0
5282,1.0,1
5283,1.0,1
5284,2.0,2
5285,2.0,2
5286,2.0,2
5287,0.0,0
5288,2.0,2
5289,1.0,2
5290,2.0,2
5291,2.0,2
5292,2.0,2
5293,1.0,1
5294,2.0,2
5295,2.0,2
5296,2.0,2
5297,1.0,1
5298,2.0,2
5299,1.0,1
5300,2.0,0
5301,2.0,2
5302,0.0,0
5303,1.0,1
5304,2.0,2
5305,1.0,1
5306,0.0,0
5307,2.0,2
5308,1.0,1
5309,2.0,2
5310,1.0,1
5311,0.0,1
5312,2.0,2
5313,1.0,1
5314,1.0,1
5315,1.0,1
5316,2.0,2
5317,0.0,2
5318,1.0,1
5319,2.0,2
5320,1.0,1
5321,2.0,2
5322,2.0,2
5323,1.0,2
5324,2.0,2
5325,2.0,2
5326,2.0,2
5327,2.0,2
5328,2.0,2
5329,2.0,2
5330,1.0,1
5331,2.0,2
5332,1.0,1
5333,2.0,2
5334,1.0,1
5335,2.0,2
5336,2.0,2
5337,2.0,2
5338,2.0,2
5339,2.0,2
5340,2.0,2
5341,2.0,2
5342,1.0,1
5343,1.0,1
5344,1.0,1
5345,2.0,2
5346,0.0,0
5347,2.0,2
5348,0.0,0
5349,2.0,2
5350,2.0,2
5351,2.0,0
5352,2.0,2
5353,1.0,1
5354,0.0,2
5355,2.0,2
5356,0.0,0
5357,0.0,0
5358,2.0,2
5359,0.0,0
5360,0.0,2
5361,2.0,2
5362,2.0,2
5363,2.0,2
5364,1.0,1
5365,2.0,2
5366,1.0,1
5367,0.0,0
5368,2.0,2
5369,2.0,2
5370,2.0,0
5371,2.0,2
5372,1.0,1
5373,0.0,0
5374,2.0,2
5375,2.0,0
5376,1.0,1
5377,2.0,2
5378,2.0,2
5379,1.0,1
5380,2.0,2
5381,0.0,0
5382,0.0,0
5383,2.0,2
5384,2.0,2
5385,2.0,2
5386,2.0,2
5387,2.0,0
5388,0.0,0
5389,1.0,1
5390,2.0,2
5391,2.0,2
5392,2.0,2
5393,2.0,2
5394,2.0,2
5395,1.0,1
5396,2.0,0
5397,2.0,0
5398,1.0,1
5399,1.0,1
5400,0.0,0
5401,2.0,2
5402,1.0,1
5403,1.0,1
5404,2.0,2
5405,2.0,2
5406,2.0,2
5407,0.0,0
5408,1.0,1
5409,2.0,2
5410,1.0,1
5411,2.0,2
5412,0.0,0
5413,2.0,2
5414,2.0,2
5415,2.0,2
5416,2.0,2
5417,2.0,0
5418,0.0,0
5419,1.0,1
5420,1.0,0
5421,2.0,2
5422,2.0,2
5423,2.0,2
5424,2.0,2
5425,2.0,2
5426,2.0,2
5427,2.0,2
5428,1.0,1
5429,2.0,2
5430,0.0,0
5431,0.0,0
5432,2.0,0
5433,2.0,2
5434,1.0,1
5435,2.0,2
5436,2.0,2
5437,0.0,0
5438,2.0,2
5439,2.0,2
5440,2.0,2
5441,1.0,1
5442,1.0,1
5443,0.0,0
5444,1.0,1
5445,2.0,2
5446,1.0,1
5447,0.0,0
5448,1.0,1
5449,2.0,2
5450,2.0,2
5451,1.0,1
5452,2.0,2
5453,0.0,1
5454,1.0,1
5455,2.0,2
5456,2.0,2
5457,1.0,1
5458,1.0,1
5459,1.0,0
5460,1.0,1
5461,1.0,1
5462,2.0,2
5463,1.0,1
5464,0.0,0
5465,0.0,0
5466,2.0,2
5467,2.0,2
5468,1.0,1
5469,2.0,2
5470,2.0,2
5471,0.0,2
5472,1.0,1
5473,1.0,1
5474,2.0,2
5475,0.0,0
5476,2.0,2
5477,2.0,2
5478,1.0,1
5479,2.0,0
5480,2.0,2
5481,1.0,1
5482,0.0,0
5483,2.0,2
5484,2.0,2
5485,0.0,2
5486,1.0,1
5487,2.0,2
5488,2.0,2
5489,0.0,0
5490,2.0,2
5491,2.0,2
5492,2.0,2
5493,0.0,2
5494,1.0,1
5495,0.0,0
5496,1.0,2
5497,0.0,0
5498,2.0,2
5499,1.0,1
5500,2.0,2
5501,0.0,0
5502,0.0,0
5503,2.0,0
5504,2.0,2
5505,2.0,2
5506,1.0,1
5507,1.0,1
5508,0.0,0
5509,0.0,0
5510,0.0,0
5511,0.0,0
5512,1.0,1
5513,0.0,1
5514,1.0,1
5515,2.0,2
5516,0.0,0
5517,2.0,2
5518,1.0,1
5519,0.0,0
5520,2.0,2
5521,2.0,2
5522,1.0,1
5523,0.0,0
5524,2.0,2
5525,1.0,1
5526,0.0,0
5527,2.0,2
5528,0.0,0
5529,0.0,0
5530,2.0,2
5531,0.0,0
5532,2.0,2
5533,2.0,2
5534,2.0,2
5535,2.0,2
5536,1.0,1
5537,0.0,0
5538,2.0,2
5539,2.0,2
5540,1.0,1
5541,1.0,0
5542,1.0,1
5543,1.0,1
5544,0.0,0
5545,0.0,0
5546,1.0,1
5547,2.0,2
5548,0.0,0
5549,2.0,0
5550,1.0,1
5551,1.0,1
5552,0.0,0
5553,0.0,0
5554,2.0,2
5555,0.0,0
5556,2.0,2
5557,1.0,1
5558,0.0,0
5559,0.0,0
5560,2.0,2
5561,0.0,2
5562,0.0,0
5563,0.0,0
5564,1.0,1
5565,2.0,2
5566,1.0,1
5567,2.0,2
5568,2.0,2
5569,0.0,0
5570,1.0,1
5571,0.0,0
5572,1.0,1
5573,1.0,1
5574,2.0,1
5575,1.0,1
5576,1.0,0
5577,2.0,2
5578,1.0,1
5579,0.0,0
5580,2.0,2
5581,0.0,0
5582,2.0,2
5583,1.0,1
5584,2.0,2
5585,2.0,2
5586,2.0,2
5587,1.0,1
5588,2.0,2
5589,1.0,1
5590,2.0,2
5591,2.0,2
5592,0.0,0
5593,2.0,2
5594,0.0,0
5595,0.0,0
5596,1.0,1
5597,0.0,0
5598,2.0,2
5599,2.0,0
5600,0.0,0
5601,0.0,0
5602,0.0,0
5603,2.0,2
5604,2.0,2
5605,0.0,0
5606,0.0,0
5607,1.0,1
5608,1.0,1
5609,1.0,1
5610,0.0,0
5611,1.0,1
5612,0.0,0
5613,1.0,0
5614,2.0,2
5615,0.0,0
5616,0.0,0
5617,1.0,1
5618,2.0,2
5619,0.0,0
5620,0.0,0
5621,1.0,1
5622,1.0,1
5623,2.0,2
5624,0.0,0
5625,1.0,1
5626,1.0,1
5627,0.0,2
5628,2.0,2
5629,1.0,1
5630,2.0,2
5631,2.0,2
5632,2.0,2
5633,2.0,2
5634,0.0,0
5635,1.0,1
5636,0.0,0
5637,1.0,1
5638,2.0,2
5639,2.0,2
5640,2.0,2
5641,2.0,2
5642,2.0,2
5643,2.0,2
5644,2.0,2
5645,2.0,2
5646,1.0,1
5647,2.0,2
5648,1.0,1
5649,1.0,0
5650,1.0,0
5651,0.0,0
5652,0.0,0
5653,1.0,1
5654,2.0,2
5655,2.0,2
5656,1.0,1
5657,1.0,1
5658,0.0,0
5659,0.0,0
5660,0.0,0
5661,1.0,1
5662,1.0,1
5663,1.0,1
5664,2.0,2
5665,1.0,1
5666,1.0,1
5667,1.0,1
5668,2.0,2
5669,0.0,0
5670,1.0,1
5671,0.0,2
5672,0.0,0
5673,1.0,1
5674,2.0,0
5675,0.0,0
5676,1.0,1
5677,2.0,2
5678,2.0,2
5679,1.0,1
5680,2.0,2
5681,0.0,0
5682,0.0,0
5683,2.0,2
5684,1.0,1
5685,0.0,0
5686,2.0,2
5687,1.0,1
5688,0.0,0
5689,0.0,0
5690,2.0,2
5691,0.0,0
5692,1.0,1
5693,1.0,1
5694,0.0,0
5695,1.0,1
5696,1.0,1
5697,0.0,0
5698,2.0,2
5699,2.0,2
5700,1.0,1
5701,0.0,0
5702,2.0,0
5703,2.0,2
5704,2.0,2
5705,1.0,1
5706,0.0,0
5707,2.0,2
5708,1.0,1
5709,2.0,2
5710,0.0,0
5711,0.0,0
5712,2.0,2
5713,0.0,0
5714,1.0,1
5715,2.0,2
5716,1.0,1
5717,0.0,0
5718,0.0,0
5719,1.0,0
5720,1.0,1
5721,0.0,0
5722,0.0,0
5723,1.0,1
5724,1.0,1
5725,0.0,0
5726,1.0,0
5727,2.0,0
5728,1.0,1
5729,1.0,1
5730,1.0,1
5731,1.0,1
5732,2.0,2
5733,1.0,1
5734,2.0,2
5735,2.0,2
5736,2.0,2
5737,1.0,1
5738,1.0,1
5739,2.0,2
5740,2.0,2
5741,0.0,0
5742,1.0,1
5743,2.0,2
5744,0.0,0
5745,1.0,1
5746,2.0,2
5747,1.0,0
5748,2.0,2
5749,2.0,2
5750,0.0,0
5751,2.0,2
5752,1.0,1
5753,2.0,2
5754,2.0,2
5755,0.0,0
5756,2.0,2
5757,0.0,0
5758,2.0,2
5759,0.0,0
5760,0.0,0
5761,2.0,1
5762,0.0,0
5763,2.0,2
5764,2.0,2
5765,0.0,0
5766,0.0,0
5767,1.0,1
5768,0.0,1
5769,0.0,0
5770,1.0,0
5771,2.0,2
5772,0.0,0
5773,0.0,0
5774,0.0,0
5775,1.0,1
5776,1.0,1
5777,1.0,1
5778,0.0,0
5779,2.0,2
5780,2.0,2
5781,2.0,0
5782,1.0,1
5783,1.0,1
5784,2.0,0
5785,2.0,2
5786,0.0,0
5787,2.0,0
5788,0.0,0
5789,1.0,1
5790,1.0,1
5791,0.0,0
5792,2.0,0
5793,1.0,1
5794,0.0,0
5795,0.0,0
5796,1.0,1
5797,0.0,0
5798,2.0,2
5799,1.0,1
5800,1.0,1
5801,0.0,0
5802,0.0,0
5803,0.0,0
5804,2.0,2
5805,2.0,2
5806,0.0,0
5807,1.0,1
5808,2.0,2
5809,0.0,0
5810,0.0,1
5811,2.0,2
5812,1.0,1
5813,2.0,2
5814,2.0,2
5815,1.0,1
5816,0.0,0
5817,0.0,0
5818,0.0,0
5819,1.0,1
5820,2.0,2
5821,2.0,2
5822,0.0,0
5823,0.0,0
5824,1.0,1
5825,2.0,2
5826,2.0,2
5827,2.0,2
5828,0.0,0
5829,2.0,2
5830,0.0,0
5831,0.0,0
5832,2.0,2
5833,0.0,0
5834,1.0,1
5835,2.0,2
5836,2.0,2
5837,1.0,1
5838,2.0,2
5839,1.0,1
5840,1.0,1
5841,1.0,1
5842,2.0,2
5843,1.0,1
5844,1.0,1
5845,2.0,2
5846,2.0,2
5847,2.0,2
5848,0.0,1
5849,1.0,1
5850,0.0,0
5851,2.0,2
5852,2.0,2
5853,0.0,0
5854,0.0,0
5855,0.0,0
5856,0.0,0
5857,2.0,2
5858,0.0,0
5859,1.0,1
5860,2.0,2
5861,2.0,2
5862,1.0,1
5863,2.0,0
5864,0.0,0
5865,0.0,0
5866,0.0,0
5867,0.0,0
5868,0.0,0
5869,2.0,2
5870,2.0,2
5871,1.0,0
5872,2.0,2
5873,2.0,2
5874,2.0,2
5875,0.0,0
5876,2.0,2
5877,2.0,2
5878,1.0,1
5879,2.0,2
5880,2.0,2
5881,1.0,1
5882,2.0,2
5883,0.0,0
5884,1.0,1
5885,2.0,2
5886,2.0,2
5887,2.0,2
5888,2.0,2
5889,0.0,0
5890,0.0,0
5891,2.0,2
5892,1.0,1
5893,0.0,0
5894,1.0,1
5895,1.0,1
5896,1.0,1
5897,2.0,2
5898,1.0,1
5899,1.0,1
5900,2.0,2
5901,0.0,0
5902,1.0,1
5903,0.0,0
5904,1.0,1
5905,1.0,1
5906,2.0,2
5907,2.0,2
5908,2.0,2
5909,1.0,1
5910,0.0,0
5911,2.0,2
5912,0.0,0
5913,2.0,2
5914,1.0,1
5915,1.0,1
5916,2.0,2
5917,1.0,1
5918,0.0,1
5919,1.0,1
5920,1.0,0
5921,1.0,1
5922,1.0,1
5923,1.0,1
5924,0.0,0
5925,1.0,1
5926,2.0,2
5927,0.0,0
5928,2.0,2
5929,2.0,2
5930,0.0,0
5931,2.0,2
5932,0.0,0
5933,2.0,2
5934,1.0,1
5935,2.0,2
5936,1.0,1
5937,1.0,1
5938,1.0,1
5939,0.0,0
5940,1.0,1
5941,0.0,0
5942,0.0,0
5943,1.0,1
5944,1.0,1
5945,0.0,0
5946,0.0,2
5947,0.0,0
5948,1.0,1
5949,1.0,1
5950,1.0,1
5951,2.0,2
5952,2.0,2
5953,1.0,1
5954,1.0,1
5955,1.0,1
5956,1.0,1
5957,2.0,0
5958,1.0,1
5959,2.0,2
5960,2.0,2
5961,0.0,0
5962,2.0,2
5963,0.0,0
5964,0.0,0
5965,0.0,0
5966,0.0,0
5967,2.0,2
5968,2.0,2
5969,1.0,1
5970,1.0,1
5971,2.0,2
5972,2.0,2
5973,2.0,2
5974,0.0,0
5975,2.0,2
5976,2.0,2
5977,2.0,2
5978,0.0,2
5979,0.0,0
5980,1.0,1
5981,2.0,2
5982,0.0,0
5983,2.0,2
5984,0.0,0
5985,1.0,1
5986,2.0,2
5987,1.0,1
5988,0.0,0
5989,2.0,2
5990,0.0,2
5991,1.0,1
5992,0.0,0
5993,0.0,2
5994,2.0,2
5995,1.0,1
5996,1.0,1
5997,0.0,0
5998,1.0,1
5999,0.0,0
6000,1.0,1
6001,1.0,1
6002,0.0,0
6003,0.0,0
6004,1.0,1
6005,1.0,0
6006,2.0,2
6007,2.0,2
6008,2.0,2
6009,2.0,2
6010,0.0,0
6011,0.0,0
6012,0.0,0
6013,2.0,2
6014,1.0,1
6015,0.0,0
6016,2.0,2
6017,0.0,2
6018,1.0,1
6019,2.0,2
6020,2.0,2
6021,1.0,0
6022,1.0,1
6023,0.0,0
6024,2.0,2
6025,2.0,2
6026,1.0,1
6027,1.0,1
6028,0.0,0
6029,1.0,1
6030,0.0,0
6031,2.0,2
6032,1.0,1
6033,2.0,2
6034,1.0,1
6035,1.0,1
6036,2.0,2
6037,2.0,2
6038,0.0,0
6039,0.0,0
6040,2.0,2
6041,2.0,2
6042,1.0,1
6043,1.0,1
6044,1.0,1
6045,2.0,2
6046,2.0,2
6047,2.0,2
6048,0.0,0
6049,2.0,2
6050,2.0,2
6051,2.0,2
6052,0.0,0
6053,0.0,0
6054,0.0,0
6055,2.0,2
6056,2.0,2
6057,0.0,0
6058,0.0,0
6059,1.0,1
6060,1.0,0
6061,1.0,1
6062,1.0,1
6063,1.0,1
6064,0.0,0
6065,1.0,0
6066,1.0,1
6067,1.0,0
6068,1.0,1
6069,0.0,0
6070,0.0,0
6071,0.0,0
6072,1.0,1
6073,0.0,0
6074,1.0,1
6075,2.0,2
6076,2.0,2
6077,1.0,1
6078,1.0,1
6079,2.0,2
6080,2.0,2
6081,0.0,0
6082,2.0,2
6083,2.0,2
6084,1.0,1
6085,1.0,1
6086,0.0,0
6087,1.0,1
6088,2.0,2
6089,0.0,0
6090,0.0,0
6091,1.0,1
6092,0.0,2
6093,2.0,2
6094,2.0,2
6095,1.0,0
6096,0.0,2
6097,2.0,2
6098,2.0,2
6099,2.0,2
6100,0.0,0
6101,0.0,0
6102,2.0,2
6103,2.0,2
6104,1.0,1
6105,1.0,1
6106,2.0,2
6107,0.0,0
6108,0.0,0
6109,2.0,2
6110,1.0,1
6111,2.0,2
6112,1.0,1
6113,1.0,1
6114,2.0,2
6115,0.0,2
6116,2.0,2
6117,2.0,2
6118,1.0,1
6119,0.0,0
6120,0.0,0
6121,0.0,0
6122,0.0,0
6123,0.0,0
6124,1.0,1
6125,0.0,2
6126,0.0,0
6127,2.0,2
6128,0.0,0
6129,1.0,1
6130,1.0,1
6131,2.0,2
6132,2.0,2
6133,1.0,1
6134,2.0,2
6135,2.0,2
6136,1.0,1
6137,0.0,0
6138,1.0,1
6139,2.0,2
6140,2.0,2
6141,1.0,1
6142,1.0,1
6143,1.0,1
6144,0.0,0
6145,0.0,0
6146,2.0,2
6147,2.0,2
6148,2.0,2
6149,0.0,0
6150,1.0,1
6151,0.0,0
6152,2.0,2
6153,1.0,1
6154,2.0,2
6155,1.0,1
6156,0.0,0
6157,0.0,0
6158,2.0,2
6159,2.0,2
6160,1.0,1
6161,0.0,0
6162,1.0,1
6163,0.0,0
6164,1.0,1
6165,1.0,1
6166,0.0,0
6167,0.0,0
6168,0.0,2
6169,1.0,1
6170,1.0,1
6171,0.0,0
6172,2.0,2
6173,1.0,0
6174,1.0,1
6175,1.0,1
6176,0.0,0
6177,0.0,0
6178,0.0,0
6179,1.0,1
6180,2.0,2
6181,1.0,1
6182,1.0,1
6183,1.0,1
6184,2.0,2
6185,1.0,0
6186,1.0,1
6187,1.0,1
6188,2.0,2
6189,1.0,1
6190,2.0,2
6191,0.0,0
6192,2.0,2
6193,1.0,1
6194,0.0,0
6195,1.0,1
6196,2.0,2
6197,1.0,1
6198,2.0,2
6199,2.0,2
6200,1.0,1
6201,2.0,2
6202,0.0,2
6203,1.0,1
6204,2.0,2
6205,0.0,0
6206,1.0,1
6207,1.0,1
6208,1.0,1
6209,0.0,0
6210,1.0,1
6211,2.0,2
6212,0.0,0
6213,1.0,1
6214,1.0,0
6215,2.0,2
6216,0.0,0
6217,2.0,2
6218,1.0,1
6219,2.0,2
6220,1.0,1
6221,2.0,2
6222,1.0,1
6223,1.0,1
6224,0.0,0
6225,2.0,2
6226,0.0,0
6227,1.0,1
6228,0.0,0
6229,0.0,0
6230,2.0,2
6231,2.0,2
6232,1.0,1
6233,1.0,1
6234,1.0,1
6235,1.0,1
6236,2.0,2
6237,0.0,0
6238,2.0,2
6239,0.0,0
6240,1.0,0
6241,2.0,2
6242,2.0,2
6243,2.0,2
6244,1.0,1
6245,0.0,0
6246,1.0,1
6247,1.0,1
6248,2.0,2
6249,1.0,1
6250,0.0,0
6251,0.0,0
6252,2.0,2
6253,1.0,1
6254,0.0,0
6255,2.0,2
6256,2.0,2
6257,0.0,0
6258,0.0,0
6259,0.0,0
6260,2.0,2
6261,1.0,1
6262,0.0,0
6263,1.0,1
6264,2.0,2
6265,1.0,1
6266,0.0,0
6267,1.0,1
6268,2.0,2
6269,1.0,1
6270,2.0,2
6271,0.0,0
6272,2.0,2
6273,0.0,0
6274,0.0,0
6275,2.0,2
6276,1.0,1
6277,1.0,1
6278,1.0,1
6279,2.0,2
6280,2.0,2
6281,0.0,0
6282,2.0,2
6283,2.0,2
6284,1.0,1
6285,0.0,0
6286,2.0,2
6287,0.0,0
6288,0.0,0
6289,0.0,0
6290,1.0,0
6291,2.0,2
6292,0.0,0
6293,1.0,1
6294,0.0,0
6295,0.0,0
6296,1.0,1
6297,0.0,0
6298,0.0,0
6299,0.0,0
6300,1.0,1
6301,2.0,2
6302,0.0,0
6303,1.0,1
6304,0.0,0
6305,1.0,1
6306,2.0,2
6307,2.0,2
6308,2.0,2
6309,0.0,0
6310,1.0,1
6311,1.0,1
6312,0.0,0
6313,0.0,2
6314,1.0,1
6315,2.0,2
6316,1.0,1
6317,2.0,2
6318,2.0,2
6319,1.0,1
6320,0.0,0
6321,0.0,0
6322,1.0,1
6323,0.0,2
6324,2.0,2
6325,1.0,1
6326,1.0,1
6327,2.0,2
6328,2.0,2
6329,2.0,2
6330,1.0,1
6331,2.0,2
6332,1.0,1
6333,1.0,1
6334,1.0,0
6335,2.0,2
6336,2.0,2
6337,0.0,0
6338,0.0,0
6339,2.0,2
6340,2.0,2
6341,0.0,0
6342,0.0,2
6343,1.0,1
6344,0.0,0
6345,2.0,2
6346,0.0,0
6347,0.0,2
6348,1.0,1
6349,0.0,0
6350,2.0,2
6351,1.0,1
6352,1.0,1
6353,2.0,2
6354,0.0,0
6355,0.0,0
6356,2.0,2
6357,1.0,1
6358,1.0,1
6359,0.0,2
6360,2.0,2
6361,1.0,1
6362,2.0,2
6363,0.0,0
6364,1.0,0
6365,0.0,0
6366,0.0,0
6367,2.0,2
6368,0.0,0
6369,1.0,1
6370,1.0,1
6371,0.0,0
6372,0.0,0
6373,0.0,0
6374,1.0,1
6375,0.0,0
6376,2.0,2
6377,2.0,2
6378,2.0,2
6379,0.0,0
6380,0.0,0
6381,2.0,0
6382,0.0,0
6383,2.0,2
6384,1.0,1
6385,2.0,2
6386,0.0,0
6387,2.0,2
6388,0.0,0
6389,2.0,2
6390,2.0,2
6391,1.0,1
6392,0.0,0
6393,2.0,2
6394,0.0,0
6395,1.0,1
6396,0.0,0
6397,0.0,0
6398,0.0,0
6399,1.0,0
6400,1.0,1
6401,1.0,1
6402,0.0,0
6403,2.0,2
6404,1.0,1
6405,0.0,0
6406,1.0,0
6407,1.0,1
6408,1.0,1
6409,0.0,0
6410,1.0,1
6411,1.0,1
6412,1.0,1
6413,2.0,2
6414,1.0,1
6415,0.0,0
6416,2.0,2
6417,0.0,0
6418,2.0,2
6419,1.0,1
6420,0.0,0
6421,0.0,0
6422,1.0,1
6423,2.0,2
6424,1.0,1
6425,0.0,0
6426,0.0,0
6427,2.0,2
6428,1.0,1
6429,1.0,1
6430,0.0,0
6431,2.0,2
6432,1.0,0
6433,0.0,0
6434,0.0,0
6435,2.0,2
6436,1.0,0
6437,2.0,2
6438,2.0,2
6439,1.0,0
6440,2.0,2
6441,0.0,0
6442,1.0,1
6443,2.0,2
6444,1.0,1
6445,0.0,0
6446,2.0,2
6447,0.0,2
6448,1.0,0
6449,1.0,1
6450,0.0,0
6451,0.0,0
6452,0.0,0
6453,0.0,0
6454,0.0,0
6455,0.0,0
6456,1.0,1
6457,0.0,0
6458,2.0,1
6459,0.0,0
6460,0.0,0
6461,0.0,0
6462,1.0,1
6463,2.0,1
6464,0.0,0
6465,2.0,2
6466,0.0,0
6467,1.0,1
6468,0.0,0
6469,2.0,2
6470,1.0,1
6471,0.0,0
6472,2.0,1
6473,1.0,0
6474,2.0,1
6475,2.0,1
6476,0.0,0
6477,2.0,2
6478,0.0,0
6479,1.0,1
6480,0.0,0
6481,2.0,1
6482,1.0,1
6483,2.0,2
6484,1.0,1
6485,2.0,2
6486,1.0,1
6487,2.0,2
6488,1.0,1
6489,0.0,0
6490,0.0,0
6491,2.0,2
6492,0.0,0
6493,2.0,2
6494,2.0,2
6495,2.0,2
6496,2.0,1
6497,0.0,0
6498,0.0,0
6499,0.0,0
6500,2.0,2
6501,1.0,0
6502,0.0,0
6503,2.0,2
6504,1.0,1
6505,0.0,0
6506,1.0,1
6507,1.0,1
6508,1.0,1
6509,1.0,1
6510,1.0,1
6511,2.0,2
6512,1.0,1
6513,2.0,2
6514,0.0,0
6515,2.0,2
6516,2.0,2
6517,1.0,1
6518,1.0,1
6519,1.0,1
6520,1.0,1
6521,2.0,1
6522,1.0,1
6523,0.0,0
6524,0.0,0
6525,1.0,1
6526,2.0,1
6527,1.0,1
6528,1.0,1
6529,2.0,2
6530,2.0,1
6531,1.0,1
6532,0.0,1
6533,2.0,1
6534,0.0,0
6535,2.0,2
6536,1.0,1
6537,1.0,1
6538,2.0,1
6539,1.0,1
6540,2.0,2
6541,1.0,1
6542,1.0,1
6543,1.0,1
6544,2.0,1
6545,1.0,1
6546,1.0,1
6547,2.0,2
6548,1.0,1
6549,2.0,2
6550,2.0,2
6551,2.0,2
6552,0.0,1
6553,0.0,1
6554,2.0,2
6555,2.0,2
6556,1.0,1
6557,0.0,0
6558,0.0,0
6559,0.0,0
6560,2.0,2
6561,1.0,1
6562,2.0,2
6563,0.0,0
6564,1.0,1
6565,0.0,0
6566,1.0,1
6567,1.0,1
6568,2.0,2
6569,0.0,0
6570,0.0,0
6571,0.0,0
6572,1.0,1
6573,2.0,2
6574,1.0,1
6575,1.0,1
6576,2.0,2
6577,1.0,1
6578,2.0,2
6579,1.0,1
6580,0.0,0
6581,1.0,1
6582,2.0,2
6583,0.0,0
6584,1.0,1
6585,0.0,0
6586,2.0,2
6587,0.0,0
6588,0.0,0
6589,1.0,1
6590,0.0,0
6591,1.0,1
6592,0.0,0
6593,1.0,1
6594,2.0,1
6595,0.0,0
6596,2.0,2
6597,1.0,1
6598,2.0,2
6599,1.0,1
6600,1.0,1
6601,0.0,0
6602,0.0,0
6603,0.0,0
6604,0.0,0
6605,0.0,0
6606,1.0,1
6607,1.0,1
6608,1.0,1
6609,1.0,1
6610,0.0,0
6611,1.0,1
6612,1.0,1
6613,0.0,1
6614,2.0,2
6615,0.0,0
6616,1.0,1
6617,0.0,0
6618,0.0,0
6619,0.0,0
6620,0.0,0
6621,2.0,1
6622,0.0,0
6623,2.0,2
6624,1.0,1
6625,1.0,1
6626,1.0,1
6627,2.0,2
6628,2.0,2
6629,2.0,2
6630,2.0,1
6631,2.0,2
6632,2.0,2
6633,2.0,2
6634,2.0,2
6635,2.0,2
6636,2.0,2
6637,2.0,2
6638,2.0,2
6639,0.0,0
6640,1.0,1
6641,2.0,2
6642,0.0,0
6643,2.0,2
6644,0.0,0
6645,1.0,1
6646,1.0,1
6647,0.0,0
6648,1.0,1
6649,1.0,1
6650,1.0,1
6651,0.0,1
6652,1.0,1
6653,1.0,1
6654,0.0,0
6655,0.0,0
6656,2.0,2
6657,1.0,1
6658,0.0,2
6659,0.0,0
6660,1.0,1
6661,1.0,1
6662,2.0,2
6663,1.0,1
6664,1.0,1
6665,0.0,0
6666,0.0,0
6667,1.0,1
6668,1.0,1
6669,2.0,2
6670,1.0,1
6671,0.0,0
6672,1.0,1
6673,2.0,2
6674,0.0,0
6675,1.0,1
6676,1.0,1
6677,1.0,1
6678,2.0,2
6679,0.0,1
6680,2.0,2
6681,1.0,1
6682,0.0,0
6683,1.0,1
6684,0.0,2
6685,0.0,0
6686,2.0,2
6687,2.0,2
6688,2.0,2
6689,2.0,2
6690,1.0,1
6691,1.0,1
6692,2.0,2
6693,2.0,2
6694,2.0,2
6695,0.0,2
6696,1.0,1
6697,2.0,2
6698,0.0,2
6699,1.0,1
6700,1.0,1
6701,0.0,0
6702,1.0,1
6703,1.0,1
6704,1.0,1
6705,1.0,1
6706,1.0,1
6707,0.0,0
6708,0.0,0
6709,1.0,1
6710,0.0,0
6711,2.0,2
6712,2.0,2
6713,2.0,2
6714,1.0,1
6715,1.0,1
6716,1.0,1
6717,1.0,1
6718,1.0,1
6719,1.0,1
6720,1.0,1
6721,1.0,1
6722,0.0,0
6723,0.0,0
6724,1.0,1
6725,1.0,1
6726,0.0,0
6727,1.0,1
6728,1.0,1
6729,1.0,1
6730,2.0,2
6731,1.0,1
6732,0.0,0
6733,1.0,1
6734,2.0,2
6735,2.0,2
6736,1.0,1
6737,0.0,0
6738,1.0,1
6739,1.0,1
6740,1.0,1
6741,1.0,1
6742,1.0,1
6743,2.0,2
6744,2.0,2
6745,0.0,0
6746,1.0,1
6747,0.0,0
6748,0.0,0
6749,0.0,0
6750,0.0,0
6751,1.0,1
6752,0.0,2
6753,2.0,2
6754,1.0,1
6755,1.0,1
6756,0.0,0
6757,1.0,1
6758,0.0,0
6759,1.0,1
6760,1.0,1
6761,1.0,1
6762,2.0,2
6763,1.0,1
6764,1.0,1
6765,2.0,1
6766,2.0,2
6767,1.0,1
6768,0.0,0
6769,0.0,0
6770,1.0,1
6771,0.0,0
6772,1.0,1
6773,2.0,2
6774,1.0,1
6775,2.0,2
6776,1.0,0
6777,1.0,1
6778,0.0,0
6779,1.0,1
6780,0.0,0
6781,1.0,1
6782,1.0,1
6783,0.0,0
6784,1.0,1
6785,1.0,1
6786,0.0,0
6787,1.0,1
6788,0.0,0
6789,1.0,1
6790,1.0,1
6791,1.0,1
6792,0.0,0
6793,0.0,0
6794,2.0,2
6795,0.0,0
6796,0.0,2
6797,1.0,0
6798,2.0,2
6799,1.0,1
6800,1.0,1
6801,1.0,1
6802,1.0,1
6803,0.0,0
6804,2.0,2
6805,1.0,1
6806,1.0,1
6807,1.0,1
6808,0.0,0
6809,1.0,1
6810,0.0,0
6811,1.0,1
6812,2.0,2
6813,2.0,2
6814,1.0,0
6815,1.0,1
6816,2.0,2
6817,1.0,1
6818,0.0,0
6819,0.0,0
6820,2.0,2
6821,1.0,1
6822,1.0,0
6823,2.0,2
6824,2.0,2
6825,1.0,1
6826,2.0,2
6827,1.0,1
6828,2.0,2
6829,1.0,1
6830,1.0,1
6831,1.0,1
6832,1.0,2
6833,1.0,0
6834,1.0,1
6835,1.0,1
6836,1.0,1
6837,2.0,2
6838,2.0,2
6839,2.0,2
6840,0.0,0
6841,0.0,0
6842,1.0,1
6843,2.0,2
6844,1.0,1
6845,1.0,0
6846,1.0,2
6847,2.0,2
6848,1.0,1
6849,1.0,1
6850,0.0,2
6851,1.0,1
6852,1.0,1
6853,1.0,1
6854,1.0,1
6855,0.0,0
6856,1.0,1
6857,2.0,2
6858,1.0,1
6859,1.0,1
6860,2.0,2
6861,2.0,2
6862,0.0,0
6863,1.0,0
6864,1.0,0
6865,1.0,1
6866,1.0,1
6867,1.0,1
6868,2.0,2
6869,1.0,2
6870,0.0,0
6871,1.0,1
6872,1.0,1
6873,1.0,1
6874,1.0,1
6875,0.0,0
6876,0.0,0
6877,1.0,1
6878,1.0,1
6879,1.0,1
6880,2.0,2
6881,1.0,1
6882,1.0,1
6883,2.0,2
6884,2.0,2
6885,2.0,2
6886,1.0,1
6887,1.0,1
6888,2.0,2
6889,1.0,1
6890,2.0,2
6891,1.0,1
6892,2.0,2
6893,0.0,0
6894,1.0,0
6895,1.0,1
6896,0.0,0
6897,0.0,0
6898,0.0,0
6899,1.0,1
6900,0.0,0
6901,1.0,1
6902,1.0,1
6903,0.0,0
6904,0.0,0
6905,0.0,0
6906,1.0,1
6907,0.0,0
6908,2.0,2
6909,1.0,1
6910,1.0,1
6911,1.0,1
6912,1.0,1
6913,1.0,1
6914,1.0,1
6915,0.0,0
6916,0.0,0
6917,0.0,1
6918,1.0,1
6919,2.0,2
6920,1.0,1
6921,2.0,2
6922,2.0,2
6923,2.0,2
6924,1.0,1
6925,1.0,1
6926,1.0,1
6927,0.0,0
6928,1.0,1
6929,2.0,2
6930,1.0,1
6931,2.0,2
6932,0.0,0
6933,0.0,0
6934,1.0,1
6935,2.0,2
6936,1.0,1
6937,2.0,2
6938,0.0,0
6939,1.0,1
6940,2.0,2
6941,2.0,2
6942,2.0,2
6943,0.0,0
6944,1.0,1
6945,1.0,1
6946,2.0,1
6947,1.0,1
6948,1.0,1
6949,0.0,0
6950,1.0,1
6951,2.0,2
6952,1.0,0
6953,2.0,2
6954,2.0,2
6955,1.0,0
6956,1.0,1
6957,1.0,1
6958,1.0,0
6959,2.0,2
6960,1.0,1
6961,1.0,1
6962,0.0,0
6963,2.0,2
6964,1.0,0
6965,1.0,1
6966,0.0,0
6967,0.0,0
6968,1.0,1
6969,1.0,1
6970,0.0,0
6971,2.0,2
6972,1.0,1
6973,1.0,1
6974,1.0,1
6975,1.0,1
6976,1.0,0
6977,2.0,2
6978,1.0,1
6979,1.0,1
6980,1.0,2
6981,1.0,0
6982,2.0,2
6983,2.0,2
6984,1.0,1
6985,2.0,2
6986,1.0,1
6987,1.0,1
6988,2.0,2
6989,2.0,2
6990,1.0,1
6991,1.0,1
6992,0.0,0
6993,1.0,1
6994,0.0,0
6995,2.0,2
6996,0.0,0
6997,1.0,1
6998,1.0,1
6999,1.0,1
7000,1.0,2
7001,1.0,1
7002,1.0,2
7003,1.0,1
7004,1.0,1
7005,1.0,1
7006,1.0,1
7007,0.0,0
7008,1.0,1
7009,1.0,0
7010,0.0,0
7011,1.0,1
7012,0.0,0
7013,2.0,2
7014,0.0,0
7015,0.0,0
7016,1.0,1
7017,0.0,0
7018,1.0,1
7019,1.0,1
7020,0.0,0
7021,0.0,2
7022,0.0,2
7023,1.0,1
7024,1.0,1
7025,2.0,2
7026,2.0,2
7027,1.0,1
7028,1.0,1
7029,2.0,2
7030,2.0,2
7031,2.0,2
7032,2.0,2
7033,1.0,1
7034,1.0,1
7035,0.0,0
7036,1.0,1
7037,1.0,1
7038,1.0,1
7039,1.0,1
7040,1.0,1
7041,1.0,1
7042,1.0,1
7043,1.0,1
7044,0.0,2
7045,1.0,0
7046,0.0,0
7047,1.0,1
7048,1.0,1
7049,1.0,1
7050,1.0,1
7051,1.0,1
7052,0.0,0
7053,1.0,1
7054,0.0,0
7055,1.0,1
7056,0.0,0
7057,1.0,1
7058,1.0,1
7059,1.0,1
7060,1.0,1
7061,1.0,0
7062,1.0,1
7063,1.0,1
7064,2.0,2
7065,2.0,2
7066,0.0,0
7067,1.0,0
7068,1.0,1
7069,2.0,2
7070,2.0,2
7071,1.0,1
7072,0.0,0
7073,1.0,1
7074,1.0,1
7075,1.0,1
7076,0.0,0
7077,1.0,1
7078,1.0,1
7079,2.0,0
7080,1.0,1
7081,1.0,1
7082,1.0,1
7083,1.0,1
7084,0.0,0
7085,0.0,0
7086,1.0,1
7087,1.0,1
7088,1.0,1
7089,1.0,1
7090,2.0,2
7091,2.0,2
7092,1.0,1
7093,1.0,1
7094,1.0,0
7095,2.0,2
7096,2.0,2
7097,2.0,2
7098,2.0,2
7099,1.0,1
7100,1.0,1
7101,1.0,1
7102,2.0,2
7103,2.0,2
7104,2.0,2
7105,1.0,1
7106,1.0,1
7107,1.0,1
7108,1.0,1
7109,2.0,2
7110,2.0,2
7111,1.0,1
7112,1.0,1
7113,1.0,1
7114,1.0,0
7115,1.0,1
7116,0.0,0
7117,1.0,1
7118,1.0,1
7119,1.0,1
7120,0.0,1
7121,1.0,0
7122,1.0,1
7123,1.0,1
7124,0.0,0
7125,1.0,1
7126,0.0,1
7127,2.0,2
7128,2.0,2
7129,1.0,1
7130,2.0,2
7131,1.0,1
7132,1.0,1
7133,1.0,0
7134,1.0,1
7135,1.0,1
7136,1.0,0
7137,1.0,1
7138,2.0,2
7139,1.0,0
7140,1.0,1
7141,1.0,1
7142,1.0,1
7143,2.0,2
7144,1.0,2
7145,2.0,2
7146,1.0,1
7147,0.0,0
7148,1.0,1
7149,1.0,1
7150,2.0,2
7151,2.0,2
7152,1.0,1
7153,1.0,1
7154,1.0,1
7155,1.0,1
7156,1.0,1
7157,0.0,0
7158,2.0,2
7159,2.0,2
7160,0.0,0
7161,0.0,0
7162,1.0,0
7163,1.0,1
7164,1.0,1
7165,1.0,2
7166,1.0,1
7167,1.0,1
7168,1.0,1
7169,1.0,1
7170,1.0,2
7171,1.0,0
7172,2.0,2
7173,1.0,1
7174,1.0,1
7175,2.0,2
7176,1.0,1
7177,1.0,1
7178,2.0,2
7179,0.0,0
7180,1.0,1
7181,0.0,0
7182,0.0,0
7183,1.0,1
7184,2.0,2
7185,1.0,1
7186,2.0,2
7187,2.0,2
7188,1.0,1
7189,0.0,0
7190,1.0,1
7191,2.0,2
7192,1.0,1
7193,1.0,1
7194,2.0,2
7195,1.0,1
7196,0.0,0
7197,1.0,1
7198,1.0,0
7199,1.0,0
7200,1.0,1
7201,1.0,1
7202,1.0,1
7203,1.0,1
7204,2.0,2
7205,1.0,1
7206,1.0,1
7207,0.0,0
7208,1.0,1
7209,1.0,1
7210,0.0,1
7211,1.0,1
7212,1.0,1
7213,2.0,2
7214,1.0,0
7215,1.0,0
7216,2.0,2
7217,0.0,2
7218,0.0,0
7219,1.0,0
7220,0.0,0
7221,1.0,1
7222,1.0,1
7223,1.0,1
7224,1.0,1
7225,1.0,1
7226,1.0,1
7227,1.0,1
7228,2.0,2
7229,1.0,1
7230,1.0,1
7231,2.0,2
7232,1.0,1
7233,1.0,1
7234,1.0,1
7235,2.0,2
7236,1.0,1
7237,2.0,2
7238,2.0,2
7239,0.0,0
7240,0.0,0
7241,1.0,1
7242,2.0,2
7243,1.0,1
7244,2.0,2
7245,1.0,1
7246,1.0,1
7247,1.0,1
7248,1.0,1
7249,1.0,1
7250,2.0,2
7251,1.0,1
7252,1.0,1
7253,1.0,1
7254,0.0,0
7255,0.0,0
7256,1.0,1
7257,2.0,2
7258,1.0,1
7259,1.0,1
7260,2.0,2
7261,1.0,1
7262,2.0,2
7263,0.0,2
7264,1.0,1
7265,0.0,0
7266,1.0,1
7267,0.0,2
7268,1.0,0
7269,1.0,1
7270,1.0,1
7271,1.0,1
7272,1.0,1
7273,0.0,0
7274,2.0,2
7275,1.0,1
7276,2.0,2
7277,2.0,2
7278,1.0,1
7279,2.0,2
7280,0.0,0
7281,1.0,1
7282,1.0,1
7283,2.0,2
7284,0.0,0
7285,1.0,1
7286,2.0,2
7287,1.0,1
7288,1.0,2
7289,0.0,0
7290,1.0,1
7291,1.0,1
7292,1.0,2
7293,0.0,0
7294,1.0,1
7295,1.0,1
7296,1.0,1
7297,2.0,2
7298,1.0,1
7299,1.0,1
7300,0.0,0
7301,2.0,2
7302,1.0,1
7303,2.0,2
7304,1.0,1
7305,2.0,2
7306,1.0,1
7307,1.0,1
7308,1.0,1
7309,1.0,1
7310,1.0,0
7311,1.0,1
7312,0.0,0
7313,1.0,1
7314,1.0,1
7315,0.0,0
7316,1.0,1
7317,2.0,2
7318,2.0,2
7319,1.0,1
7320,1.0,1
7321,1.0,1
7322,0.0,0
7323,1.0,1
7324,1.0,1
7325,2.0,2
7326,1.0,1
7327,0.0,0
7328,1.0,1
7329,2.0,2
7330,1.0,1
7331,1.0,1
7332,1.0,1
7333,0.0,0
7334,1.0,1
7335,1.0,1
7336,1.0,0
7337,0.0,0
7338,0.0,0
7339,2.0,2
7340,1.0,0
7341,0.0,0
7342,1.0,1
7343,1.0,1
7344,1.0,1
7345,2.0,2
7346,1.0,1
7347,0.0,0
7348,1.0,0
7349,0.0,0
7350,1.0,1
7351,2.0,2
7352,2.0,2
7353,1.0,0
7354,1.0,1
7355,0.0,0
7356,2.0,2
7357,2.0,2
7358,1.0,1
7359,2.0,2
7360,1.0,1
7361,2.0,2
7362,1.0,1
7363,1.0,1
7364,1.0,1
7365,0.0,2
7366,2.0,2
7367,2.0,2
7368,0.0,0
7369,1.0,1
7370,0.0,0
7371,1.0,1
7372,1.0,1
7373,1.0,1
7374,1.0,0
7375,1.0,1
7376,1.0,1
7377,2.0,2
7378,1.0,1
7379,1.0,1
7380,1.0,1
7381,2.0,2
7382,1.0,1
7383,1.0,2
7384,2.0,2
7385,0.0,0
7386,1.0,1
7387,1.0,1
7388,1.0,1
7389,2.0,2
7390,0.0,0
7391,1.0,1
7392,0.0,0
7393,2.0,2
7394,2.0,2
7395,1.0,1
7396,2.0,0
7397,2.0,2
7398,1.0,1
7399,1.0,1
7400,1.0,1
7401,1.0,1
7402,2.0,2
7403,1.0,1
7404,1.0,0
7405,0.0,0
7406,0.0,0
7407,1.0,1
7408,0.0,0
7409,1.0,0
7410,0.0,0
7411,1.0,1
7412,1.0,0
7413,0.0,2
7414,1.0,1
7415,2.0,2
7416,0.0,0
7417,1.0,1
7418,1.0,0
7419,2.0,2
7420,1.0,0
7421,2.0,2
7422,1.0,1
7423,1.0,1
7424,1.0,0
7425,1.0,0
7426,1.0,1
7427,1.0,1
7428,2.0,0
7429,1.0,1
7430,1.0,1
7431,1.0,1
7432,2.0,2
7433,1.0,1
7434,2.0,2
7435,1.0,1
7436,1.0,1
7437,0.0,0
7438,2.0,2
7439,2.0,2
7440,2.0,2
7441,0.0,0
7442,0.0,0
7443,1.0,1
7444,1.0,1
7445,1.0,1
7446,2.0,2
7447,1.0,1
7448,2.0,2
7449,2.0,2
7450,2.0,2
7451,2.0,2
7452,2.0,2
7453,0.0,0
7454,1.0,1
7455,2.0,2
7456,2.0,2
7457,1.0,1
7458,2.0,2
7459,2.0,2
7460,1.0,0
7461,0.0,0
7462,1.0,1
7463,2.0,2
7464,0.0,0
7465,0.0,0
7466,0.0,0
7467,1.0,2
7468,2.0,2
7469,1.0,1
7470,2.0,2
7471,2.0,2
7472,2.0,2
7473,0.0,0
7474,1.0,1
7475,1.0,1
7476,2.0,2
7477,0.0,0
7478,1.0,1
7479,2.0,2
7480,2.0,2
7481,0.0,0
7482,2.0,2
7483,1.0,1
7484,1.0,1
7485,1.0,1
7486,1.0,0
7487,2.0,2
7488,2.0,2
7489,0.0,0
7490,2.0,2
7491,0.0,0
7492,1.0,1
7493,1.0,1
7494,0.0,0
7495,0.0,0
7496,0.0,0
7497,2.0,2
7498,1.0,1
7499,1.0,1
7500,2.0,2
7501,1.0,1
7502,1.0,1
7503,0.0,0
7504,1.0,1
7505,1.0,1
7506,2.0,2
7507,2.0,2
7508,1.0,1
7509,0.0,0
7510,2.0,2
7511,1.0,0
7512,0.0,0
7513,0.0,0
7514,1.0,1
7515,0.0,0
7516,0.0,0
7517,1.0,0
7518,2.0,2
7519,0.0,0
7520,0.0,0
7521,1.0,1
7522,0.0,0
7523,0.0,0
7524,0.0,0
7525,0.0,0
7526,1.0,1
7527,1.0,1
7528,1.0,1
7529,1.0,0
7530,2.0,2
7531,1.0,1
7532,1.0,1
7533,2.0,2
7534,1.0,1
7535,1.0,1
7536,2.0,2
7537,1.0,1
7538,1.0,1
7539,2.0,2
7540,2.0,2
7541,1.0,1
7542,1.0,0
7543,0.0,0
7544,1.0,1
7545,0.0,0
7546,1.0,1
7547,0.0,0
7548,2.0,2
7549,0.0,0
7550,1.0,1
7551,1.0,1
7552,0.0,0
7553,1.0,0
7554,0.0,0
7555,1.0,1
7556,2.0,2
7557,2.0,2
7558,0.0,0
7559,2.0,2
7560,1.0,0
7561,1.0,1
7562,2.0,2
7563,2.0,2
7564,1.0,0
7565,2.0,2
7566,1.0,0
7567,2.0,2
7568,1.0,1
7569,1.0,1
7570,2.0,2
7571,0.0,0
7572,1.0,1
7573,1.0,1
7574,1.0,0
7575,1.0,1
7576,2.0,2
7577,1.0,0
7578,1.0,0
7579,2.0,2
7580,1.0,0
7581,1.0,0
7582,0.0,0
7583,1.0,1
7584,1.0,1
7585,0.0,0
7586,1.0,1
7587,1.0,0
7588,1.0,1
7589,0.0,0
7590,2.0,2
7591,0.0,0
7592,2.0,2
7593,1.0,0
7594,0.0,0
7595,1.0,1
7596,0.0,0
7597,2.0,2
7598,0.0,0
7599,0.0,0
7600,0.0,0
7601,2.0,2
7602,0.0,0
7603,2.0,2
7604,1.0,1
7605,2.0,2
7606,0.0,0
7607,2.0,2
7608,0.0,2
7609,1.0,1
7610,1.0,1
7611,1.0,1
7612,2.0,2
7613,2.0,2
7614,1.0,0
7615,0.0,0
7616,2.0,2
7617,2.0,2
7618,2.0,2
7619,0.0,0
7620,1.0,1
7621,1.0,1
7622,0.0,0
7623,1.0,1
7624,2.0,2
7625,0.0,0
7626,1.0,1
7627,1.0,1
7628,1.0,1
7629,2.0,2
7630,1.0,1
7631,1.0,1
7632,0.0,0
7633,2.0,2
7634,0.0,0
7635,1.0,1
7636,2.0,2
7637,0.0,0
7638,2.0,2
7639,1.0,1
7640,2.0,2
7641,2.0,2
7642,2.0,2
7643,2.0,2
7644,2.0,2
7645,1.0,0
7646,2.0,2
7647,1.0,1
7648,1.0,1
7649,1.0,1
7650,2.0,2
7651,2.0,2
7652,2.0,2
7653,1.0,1
7654,1.0,1
7655,2.0,2
7656,1.0,1
7657,0.0,0
7658,2.0,2
7659,1.0,1
7660,1.0,1
7661,0.0,0
7662,1.0,0
7663,1.0,1
7664,0.0,0
7665,0.0,0
7666,2.0,2
7667,1.0,1
7668,1.0,1
7669,0.0,0
7670,1.0,0
7671,1.0,1
7672,1.0,0
7673,1.0,1
7674,0.0,0
7675,0.0,0
7676,2.0,2
7677,2.0,2
7678,1.0,0
7679,1.0,1
7680,0.0,0
7681,2.0,2
7682,1.0,1
7683,0.0,0
7684,0.0,0
7685,1.0,0
7686,0.0,0
7687,0.0,0
7688,2.0,2
7689,2.0,2
7690,1.0,0
7691,0.0,0
7692,0.0,0
7693,1.0,0
7694,2.0,2
7695,1.0,1
7696,2.0,2
7697,1.0,1
7698,1.0,1
7699,1.0,1
7700,1.0,1
7701,1.0,1
7702,2.0,2
7703,1.0,1
7704,0.0,0
7705,1.0,1
7706,2.0,2
7707,1.0,1
7708,2.0,2
7709,0.0,2
7710,0.0,0
7711,0.0,0
7712,1.0,1
7713,1.0,1
7714,2.0,2
7715,1.0,1
7716,0.0,0
7717,1.0,1
7718,1.0,1
7719,0.0,0
7720,1.0,1
7721,0.0,0
7722,2.0,2
7723,2.0,2
7724,1.0,1
7725,0.0,0
7726,2.0,2
7727,1.0,1
7728,0.0,0
7729,1.0,1
7730,1.0,1
7731,1.0,1
7732,2.0,2
7733,2.0,2
7734,0.0,0
7735,0.0,0
7736,2.0,2
7737,2.0,2
7738,0.0,0
7739,2.0,2
7740,2.0,2
7741,2.0,2
7742,0.0,0
7743,1.0,1
7744,1.0,1
7745,1.0,1
7746,0.0,0
7747,1.0,1
7748,0.0,0
7749,2.0,2
7750,2.0,2
7751,2.0,2
7752,1.0,1
7753,2.0,2
7754,1.0,1
7755,0.0,2
7756,1.0,1
7757,0.0,0
7758,0.0,0
7759,0.0,0
7760,2.0,2
7761,1.0,1
7762,1.0,2
7763,2.0,2
7764,1.0,1
7765,1.0,1
7766,1.0,1
7767,2.0,2
7768,1.0,1
7769,0.0,0
7770,1.0,1
7771,2.0,2
7772,0.0,0
7773,1.0,1
7774,0.0,0
7775,0.0,0
7776,1.0,1
7777,0.0,0
7778,2.0,2
7779,1.0,1
7780,0.0,0
7781,1.0,1
7782,1.0,1
7783,2.0,2
7784,0.0,0
7785,2.0,2
7786,1.0,1
7787,0.0,0
7788,2.0,2
7789,1.0,1
7790,0.0,0
7791,0.0,0
7792,0.0,0
7793,1.0,1
7794,2.0,2
7795,0.0,0
7796,2.0,2
7797,2.0,2
7798,1.0,1
7799,1.0,1
7800,0.0,0
7801,1.0,1
7802,1.0,1
7803,1.0,1
7804,0.0,0
7805,2.0,2
7806,0.0,0
7807,0.0,2
7808,2.0,2
7809,0.0,0
7810,0.0,0
7811,1.0,1
7812,0.0,0
7813,0.0,0
7814,2.0,2
7815,1.0,1
7816,2.0,2
7817,0.0,0
7818,1.0,1
7819,1.0,1
7820,2.0,2
7821,0.0,0
7822,0.0,0
7823,1.0,1
7824,2.0,2
7825,1.0,1
7826,2.0,2
7827,1.0,1
7828,0.0,0
7829,2.0,2
7830,1.0,1
7831,1.0,1
7832,1.0,1
7833,0.0,0
7834,0.0,0
7835,1.0,2
7836,0.0,0
7837,2.0,2
7838,1.0,1
7839,1.0,1
7840,0.0,0
7841,0.0,0
7842,2.0,2
7843,2.0,2
7844,1.0,1
7845,2.0,2
7846,0.0,0
7847,2.0,2
7848,1.0,1
7849,1.0,1
7850,2.0,2
7851,2.0,2
7852,0.0,0
7853,1.0,1
7854,1.0,1
7855,0.0,0
7856,0.0,0
7857,0.0,0
7858,2.0,2
7859,0.0,0
7860,2.0,2
7861,1.0,1
7862,0.0,0
7863,2.0,2
7864,2.0,2
7865,2.0,2
7866,1.0,1
7867,0.0,0
7868,0.0,0
7869,1.0,1
7870,0.0,0
7871,1.0,1
7872,2.0,2
7873,2.0,2
7874,0.0,0
7875,1.0,1
7876,1.0,1
7877,0.0,0
7878,1.0,1
7879,1.0,1
7880,2.0,2
7881,0.0,0
7882,0.0,2
7883,0.0,0
7884,1.0,1
7885,2.0,2
7886,0.0,0
7887,1.0,1
7888,0.0,0
7889,1.0,1
7890,1.0,1
7891,0.0,0
7892,0.0,0
7893,2.0,2
7894,0.0,0
7895,1.0,1
7896,2.0,2
7897,2.0,2
7898,1.0,1
7899,0.0,0
7900,0.0,0
7901,2.0,2
7902,0.0,0
7903,0.0,0
7904,1.0,1
7905,0.0,2
7906,0.0,2
7907,0.0,0
7908,0.0,0
7909,1.0,1
7910,1.0,1
7911,0.0,0
7912,1.0,1
7913,1.0,1
7914,2.0,2
7915,0.0,0
7916,1.0,1
7917,0.0,0
7918,1.0,1
7919,2.0,2
7920,0.0,0
7921,1.0,1
7922,1.0,1
7923,2.0,2
7924,0.0,0
7925,2.0,2
7926,1.0,1
7927,0.0,0
7928,1.0,2
7929,2.0,2
7930,0.0,0
7931,0.0,0
7932,0.0,0
7933,2.0,2
7934,2.0,2
7935,0.0,0
7936,0.0,0
7937,2.0,2
7938,1.0,1
7939,1.0,1
7940,2.0,2
7941,1.0,1
7942,1.0,1
7943,2.0,2
7944,1.0,1
7945,1.0,2
7946,2.0,2
7947,2.0,2
7948,1.0,1
7949,1.0,1
7950,2.0,2
7951,0.0,0
7952,2.0,2
7953,2.0,2
7954,1.0,1
7955,1.0,1
7956,0.0,0
7957,0.0,0
7958,1.0,1
7959,0.0,0
7960,0.0,0
7961,1.0,1
7962,2.0,2
7963,0.0,0
7964,2.0,2
7965,0.0,0
7966,1.0,1
7967,0.0,2
7968,2.0,2
7969,0.0,0
7970,0.0,0
7971,2.0,2
7972,0.0,0
7973,0.0,0
7974,0.0,0
7975,2.0,2
7976,1.0,1
7977,1.0,1
7978,0.0,0
7979,1.0,1
7980,0.0,0
7981,0.0,0
7982,2.0,2
7983,1.0,1
7984,2.0,2
7985,2.0,2
7986,2.0,2
7987,0.0,0
7988,0.0,0
7989,1.0,1
7990,0.0,0
7991,1.0,1
7992,0.0,0
7993,1.0,1
7994,1.0,1
7995,0.0,0
7996,0.0,0
7997,1.0,1
7998,0.0,0
7999,0.0,0
8000,1.0,1
8001,2.0,2
8002,0.0,0
8003,1.0,1
8004,0.0,0
8005,2.0,2
8006,1.0,1
8007,2.0,2
8008,2.0,2
8009,0.0,0
8010,0.0,0
8011,1.0,1
8012,1.0,1
8013,2.0,2
8014,0.0,0
8015,2.0,2
8016,2.0,2
8017,1.0,1
8018,2.0,2
8019,2.0,2
8020,0.0,0
8021,0.0,0
8022,2.0,2
8023,0.0,0
8024,0.0,0
8025,2.0,2
8026,1.0,1
8027,2.0,2
8028,0.0,0
8029,1.0,1
8030,0.0,0
8031,2.0,2
8032,1.0,2
8033,2.0,2
8034,1.0,1
8035,0.0,0
8036,2.0,0
8037,1.0,1
8038,2.0,2
8039,2.0,2
8040,1.0,1
8041,0.0,0
8042,0.0,0
8043,1.0,1
8044,2.0,2
8045,2.0,2
8046,2.0,2
8047,1.0,1
8048,0.0,0
8049,1.0,1
8050,2.0,2
8051,0.0,0
8052,1.0,1
8053,1.0,1
8054,1.0,1
8055,2.0,2
8056,0.0,0
8057,1.0,2
8058,0.0,0
8059,1.0,1
8060,1.0,1
8061,0.0,0
8062,0.0,0
8063,0.0,0
8064,1.0,1
8065,1.0,1
8066,2.0,2
8067,1.0,2
8068,2.0,1
8069,2.0,2
8070,2.0,2
8071,1.0,1
8072,0.0,0
8073,1.0,1
8074,0.0,0
8075,1.0,1
8076,2.0,2
8077,2.0,2
8078,1.0,1
8079,0.0,0
8080,0.0,0
8081,0.0,2
8082,0.0,0
8083,2.0,2
8084,0.0,0
8085,2.0,2
8086,2.0,2
8087,1.0,1
8088,0.0,0
8089,0.0,0
8090,1.0,1
8091,1.0,1
8092,1.0,1
8093,1.0,1
8094,2.0,2
8095,0.0,2
8096,2.0,2
8097,0.0,0
8098,1.0,1
8099,0.0,0
8100,0.0,0
8101,1.0,1
8102,1.0,1
8103,1.0,1
8104,1.0,2
8105,2.0,2
8106,1.0,1
8107,0.0,0
8108,1.0,1
8109,1.0,1
8110,1.0,1
8111,0.0,0
8112,0.0,0
8113,0.0,0
8114,0.0,0
8115,2.0,2
8116,0.0,0
8117,0.0,0
8118,2.0,2
8119,0.0,0
8120,1.0,1
8121,0.0,0
8122,0.0,0
8123,2.0,2
8124,0.0,0
8125,2.0,2
8126,0.0,0
8127,0.0,0
8128,0.0,0
8129,1.0,1
8130,0.0,2
8131,0.0,0
8132,0.0,0
8133,1.0,1
8134,2.0,2
8135,1.0,1
8136,0.0,0
8137,0.0,0
8138,0.0,0
8139,1.0,1
8140,2.0,2
8141,1.0,1
8142,1.0,1
8143,1.0,1
8144,0.0,0
8145,1.0,1
8146,1.0,1
8147,1.0,1
8148,1.0,1
8149,0.0,0
8150,1.0,1
8151,1.0,1
8152,0.0,0
8153,2.0,2
8154,0.0,0
8155,2.0,2
8156,0.0,0
8157,1.0,1
8158,0.0,0
8159,0.0,0
8160,0.0,0
8161,0.0,2
8162,0.0,0
8163,1.0,1
8164,1.0,1
8165,1.0,1
8166,2.0,2
8167,1.0,1
8168,0.0,0
8169,0.0,0
8170,1.0,1
8171,0.0,0
8172,1.0,1
8173,1.0,1
8174,1.0,1
8175,0.0,0
8176,0.0,0
8177,0.0,0
8178,1.0,1
8179,1.0,1
8180,1.0,1
8181,2.0,2
8182,1.0,1
8183,2.0,2
8184,2.0,2
8185,1.0,1
8186,2.0,2
8187,1.0,1
8188,0.0,0
8189,2.0,2
8190,1.0,1
8191,1.0,1
8192,0.0,0
8193,1.0,1
8194,1.0,1
8195,1.0,1
8196,2.0,2
8197,0.0,0
8198,1.0,1
8199,1.0,1
8200,0.0,2
8201,0.0,2
8202,0.0,0
8203,0.0,0
8204,2.0,2
8205,1.0,1
8206,0.0,0
8207,1.0,1
8208,1.0,1
8209,0.0,0
8210,2.0,2
8211,1.0,1
8212,1.0,1
8213,1.0,1
8214,1.0,1
8215,2.0,2
8216,1.0,1
8217,0.0,0
8218,2.0,2
8219,1.0,1
8220,0.0,0
8221,1.0,1
8222,0.0,0
8223,2.0,2
8224,2.0,2
8225,2.0,2
8226,1.0,1
8227,0.0,0
8228,0.0,0
8229,1.0,0
8230,2.0,2
8231,1.0,1
8232,0.0,0
8233,0.0,0
8234,2.0,2
8235,2.0,2
8236,2.0,2
8237,0.0,0
8238,0.0,0
8239,2.0,2
8240,0.0,0
8241,1.0,1
8242,1.0,1
8243,1.0,1
8244,1.0,2
8245,0.0,2
8246,2.0,2
8247,0.0,0
8248,0.0,2
8249,1.0,1
8250,1.0,1
8251,2.0,2
8252,1.0,1
8253,0.0,0
8254,1.0,1
8255,2.0,2
8256,0.0,0
8257,1.0,1
8258,1.0,1
8259,1.0,1
8260,1.0,1
8261,2.0,2
8262,1.0,1
8263,1.0,1
8264,0.0,0
8265,1.0,1
8266,0.0,0
8267,2.0,2
8268,0.0,0
8269,0.0,0
8270,1.0,1
8271,0.0,0
8272,0.0,0
8273,1.0,1
8274,0.0,0
8275,1.0,1
8276,1.0,1
8277,2.0,2
8278,0.0,0
8279,1.0,1
8280,1.0,1
8281,2.0,2
8282,1.0,1
8283,1.0,1
8284,0.0,0
8285,0.0,0
8286,2.0,2
8287,2.0,2
8288,0.0,0
8289,1.0,1
8290,0.0,0
8291,2.0,2
8292,2.0,2
8293,2.0,2
8294,1.0,1
8295,2.0,2
8296,2.0,2
8297,2.0,2
8298,2.0,2
8299,0.0,2
8300,1.0,1
8301,1.0,2
8302,2.0,2
8303,2.0,2
8304,0.0,0
8305,2.0,2
8306,1.0,1
8307,0.0,0
8308,0.0,0
8309,0.0,0
8310,1.0,1
8311,1.0,1
8312,2.0,2
8313,1.0,1
8314,0.0,0
8315,1.0,0
8316,2.0,2
8317,1.0,1
8318,2.0,2
8319,1.0,1
8320,1.0,1
8321,2.0,2
8322,1.0,2
8323,2.0,2
8324,0.0,0
8325,2.0,2
8326,0.0,0
8327,0.0,0
8328,0.0,0
8329,2.0,2
8330,0.0,0
8331,1.0,1
8332,1.0,1
8333,1.0,1
8334,2.0,2
8335,1.0,1
8336,1.0,0
8337,1.0,1
8338,2.0,2
8339,1.0,1
8340,0.0,0
8341,1.0,1
8342,0.0,0
8343,2.0,2
8344,0.0,0
8345,0.0,0
8346,0.0,0
8347,2.0,2
8348,0.0,0
8349,0.0,0
8350,2.0,2
8351,1.0,1
